	Pop001	Pop002	Pop003	Pop004	Pop005	Pop006	Pop007	Pop008	Pop009	Pop010	Pop011	Pop012	Pop013	Pop014	Pop015	Pop016	Pop017	Pop018	Pop019	Pop020	Pop021	Pop022	Pop023	Pop024	Pop025	Pop026	Pop027	Pop028	Pop029	Pop030	Pop031	Pop032	Pop033	Pop034	Pop035	Pop036	Pop037	Pop038	Pop039	Pop040	Pop041	Pop042	Pop043	Pop044	Pop045	Pop046	Pop047	Pop048	Pop049	Pop050	Pop051	Pop052	Pop053	Pop054	Pop055	Pop056	Pop057	Pop058	Pop059	Pop060	Pop061	Pop062	Pop063	Pop064
Pop001	0	0	0	0.012	0.021	0	0.205	0	0	0	0	0	0	0	0	0	0	0	0	0	0	0.061	0.063	0.043	0.108	0	0	0.089	0.036	0.141	0	0	0.081	0.138	0.073	0	0.05	0.071	0.065	0.074	0	0.035	0	0	0	0.011	0.015	0.009	0.009	0	0	0	0.122	0.025	-0.015	0	0	0.118	0.133	0	0	0.026	0.042	0.042
Pop002	0	0	0	0	0	0	0	0	0	0	0	0	0	0	0	0	0	0	0	0	0	0	0	0	0	0	0	0	0	0	0	0	0	0	0	0	0	0	0	0	0	0	0	0	0	0	0	0	0	0	0	0	0	0	0	0	0	0	0	0	0	0	0	0
Pop003	0	0	0	0	0	0	0	0	0	0	0	0	0	0	0	0	0	0	0	0	0	0	0	0	0	0	0	0	0	0	0	0	0	0	0	0	0	0	0	0	0	0	0	0	0	0	0	0	0	0	0	0	0	0	0	0	0	0	0	0	0	0	0	0
Pop004	0.012	0	0	0	-0.031	0	-0.038	0	0	0	0	0	0	0	0	0	0	0	0	0	0	0.019	0.083	0.014	0.055	0	0	0.004	0.026	0.044	0	0	0.032	0.035	0.008	0	0.089	0.042	0.091	0.038	0	-0.051	0	0	0	0.006	0.075	0.021	0.07	0	0	0	0.108	0.055	0.186	-0.113	0	0.151	0.097	0	0	0.109	0.208	0.25
Pop005	0.021	0	0	-0.031	0	0	-0.025	0	0	0	0	0	0	0	0	0	0	0	0	0	0	0.017	0.05	0.01	0.078	0	0	0.021	0.01	0.151	0	0	0.043	0.104	0.055	0	0.037	0.085	0.027	0.017	0.077	-0.016	0	0	0	0.006	-0.018	0.006	0.017	0	0	0	0.1	0.084	0.067	0.029	0	0.133	0.055	0	-0.019	0.205	0.088	0.115
Pop006	0	0	0	0	0	0	0	0	0	0	0	0	0	0	0	0	0	0	0	0	0	0	0	0	0	0	0	0	0	0	0	0	0	0	0	0	0	0	0	0	0	0	0	0	0	0	0	0	0	0	0	0	0	0	0	0	0	0	0	0	0	0	0	0
Pop007	0.205	0	0	-0.038	-0.025	0	0	0	0	0	0	0	0	0	0	0	0	0	0	0	0	-0.036	0.035	-0.009	0.189	0	0	-0.032	0	0.282	0	0	0.029	0.04	0.06	0	0.083	0	0.016	0.103	0.016	0.022	0	0	0	0.063	0.038	-0.06	-0.001	0	0	0	0.118	-0.034	0.051	0	0	0.192	0.044	0	0	0.203	0	0.333
Pop008	0	0	0	0	0	0	0	0	0	0	0	0	0	0	0	0	0	0	0	0	0	0	0	0	0	0	0	0	0	0	0	0	0	0	0	0	0	0	0	0	0	0	0	0	0	0	0	0	0	0	0	0	0	0	0	0	0	0	0	0	0	0	0	0
Pop009	0	0	0	0	0	0	0	0	0	0	0	0	0	0	0	0	0	0	0	0	0	0	0	0	0	0	0	0	0	0	0	0	0	0	0	0	0	0	0	0	0	0	0	0	0	0	0	0	0	0	0	0	0	0	0	0	0	0	0	0	0	0	0	0
Pop010	0	0	0	0	0	0	0	0	0	0	0	0	0	0	0	0	0	0	0	0	0	0	0	0	0	0	0	0	0	0	0	0	0	0	0	0	0	0	0	0	0	0	0	0	0	0	0	0	0	0	0	0	0	0	0	0	0	0	0	0	0	0	0	0
Pop011	0	0	0	0	0	0	0	0	0	0	0	0	0	0	0	0	0	0	-0.071	0.063	0	0.273	0.063	0	0	0	0	0	0	0	0	0	0.109	0	0	0	0	0	0	0	0	0	0	0	0	0.077	0.008	0.016	0	0	0	0	0	0	0	0	0	0	0	0	0	0	0	0
Pop012	0	0	0	0	0	0	0	0	0	0	0	0	0	0	0	0	0	0	0	0	0	0	0	0	0	0	0	0	0	0	0	0	0	0	0	0	0	0	0	0	0	0	0	0	0	0	0	0	0	0	0	0	0	0	0	0	0	0	0	0	0	0	0	0
Pop013	0	0	0	0	0	0	0	0	0	0	0	0	0	0	0	0	0	0	0	0	0	0	0	0	0	0	0	0	0	0	0	0	0	0	0	0	0	0	0	0	0	0	0	0	0	0	0	0	0	0	0	0	0	0	0	0	0	0	0	0	0	0	0	0
Pop014	0	0	0	0	0	0	0	0	0	0	0	0	0	0	0	0	0	0	0	0	0	0	0	0	0	0	0	0	0	0	0	0	0	0	0	0	0	0	0	0	0	0	0	0	0	0	0	0	0	0	0	0	0	0	0	0	0	0	0	0	0	0	0	0
Pop015	0	0	0	0	0	0	0	0	0	0	0	0	0	0	0	0	0	0	0	0	0	0	0	0	0	0	0	0	0	0	0	0	0	0	0	0	0	0	0	0	0	0	0	0	0	0	0	0	0	0	0	0	0	0	0	0	0	0	0	0	0	0	0	0
Pop016	0	0	0	0	0	0	0	0	0	0	0	0	0	0	0	0	0	0	0	0	0	0	0	0	0	0	0	0	0	0	0	0	0	0	0	0	0	0	0	0	0	0	0	0	0	0	0	0	0	0	0	0	0	0	0	0	0	0	0	0	0	0	0	0
Pop017	0	0	0	0	0	0	0	0	0	0	0	0	0	0	0	0	0	0	0	0	0	0	0	0	0	0	0	0	0	0	0	0	0	0	0	0	0	0	0	0	0	0	0	0	0	0	0	0	0	0	0	0	0	0	0	0	0	0	0	0	0	0	0	0
Pop018	0	0	0	0	0	0	0	0	0	0	0	0	0	0	0	0	0	0	0	0	0	0.1	0.018	0	0	0	0	0	0	0	0	0	0	0.063	0	0	0	0	0	0.125	0	0	0	0	0	0	0	0	0	0	0	0	0	0	0	0	0	0.2	0	0	0	0	0	0
Pop019	0	0	0	0	0	0	0	0	0	0	-0.071	0	0	0	0	0	0	0	0	0	0	0	0.091	0	0	0	0	0	0	0	0	0	0	0	0	0	0	0	0	0	0	0	0	0	0	0.4	0.118	-0.016	0	0	0	0	0	0	0	0	0	0	0.25	0	0	0	0.583	0
Pop020	0	0	0	0	0	0	0	0	0	0	0.063	0	0	0	0	0	0	0	0	0	0	0.338	0	0	0	0	0	0	0	0	0	0	0.206	0	0	0	0	0	0	0	0	0	0	0	0	0	0	0	0	0	0	0	0	0	0	0	0	0	0	0	0	0	0	0
Pop021	0	0	0	0	0	0	0	0	0	0	0	0	0	0	0	0	0	0	0	0	0	0	0	0	0	0	0	0	0	0	0	0	0	0	0	0	0	0	0	0	0	0	0	0	0	0	0	0	0	0	0	0	0	0	0	0	0	0	0	0	0	0	0	0
Pop022	0.061	0	0	0.019	0.017	0	-0.036	0	0	0	0.273	0	0	0	0	0	0	0.1	0	0.338	0	0	0.028	0.008	0.106	0	0	0.052	0.064	0.056	0	0	0.044	0.148	0.086	0	0.055	0.046	0.041	0.06	0.1	-0.024	0	0	0	0.051	0.065	0.071	0.031	0	0	0	0.101	0.071	0.103	0	0	0.123	0.093	0	0	0.12	0.098	0.128
Pop023	0.063	0	0	0.083	0.05	0	0.035	0	0	0	0.063	0	0	0	0	0	0	0.018	0.091	0	0	0.028	0	0.014	0.029	0	0	0.036	-0.002	0.03	0	0	0.011	0.053	0.031	0	0.011	0.005	0.011	0.005	0	-0.011	0	0	0	0.064	0.081	0.062	0.045	0	0	0	0.161	0.096	0.027	0	0	0.137	0.07	0	0.146	0.129	0.025	0.133
Pop024	0.043	0	0	0.014	0.01	0	-0.009	0	0	0	0	0	0	0	0	0	0	0	0	0	0	0.008	0.014	0	0.061	0	0	-0.042	-0.015	0.078	0	0	-0.011	-0.05	-0.02	0	0.029	0.011	-0.015	-0.008	0	0.074	0	0	0	0.118	-0.038	0.158	0.026	0	0	0	0.16	0.053	0	0	0	0.102	-0.033	0	0	0	0	0.292
Pop025	0.108	0	0	0.055	0.078	0	0.189	0	0	0	0	0	0	0	0	0	0	0	0	0	0	0.106	0.029	0.061	0	0	0	0.079	0.045	0.178	0	0	0.03	0.097	0.04	0	0.064	0.06	0.076	0.019	0	0.151	0	0	0	0.139	0.085	0.1	0.005	0	0	0	0.152	0.106	0	0	0	0.176	0.175	0	0	0.136	0.417	0.3
Pop026	0	0	0	0	0	0	0	0	0	0	0	0	0	0	0	0	0	0	0	0	0	0	0	0	0	0	0	0	0	0	0	0	0	0	0	0	0	0	0	0	0	0	0	0	0	0	0	0	0	0	0	0	0	0	0	0	0	0	0	0	0	0	0	0
Pop027	0	0	0	0	0	0	0	0	0	0	0	0	0	0	0	0	0	0	0	0	0	0	0	0	0	0	0	0	0	0	0	0	0	0	0	0	0	0	0	0	0	0	0	0	0	0	0	0	0	0	0	0	0	0	0	0	0	0	0	0	0	0	0	0
Pop028	0.089	0	0	0.004	0.021	0	-0.032	0	0	0	0	0	0	0	0	0	0	0	0	0	0	0.052	0.036	-0.042	0.079	0	0	0	0.002	0.119	0	0	0.032	-0.013	0.022	0	0.041	-0.004	0.025	0.045	0	0.005	0	0	0	0.093	0.056	0.011	0.039	0	0	0	0.128	0.069	0.096	0.1	0	0.121	0.075	0	0	0.273	0.111	0.269
Pop029	0.036	0	0	0.026	0.01	0	0	0	0	0	0	0	0	0	0	0	0	0	0	0	0	0.064	-0.002	-0.015	0.045	0	0	0.002	0	-0.048	0	0	0.078	0.011	0.048	0	0.044	0.005	0.036	0.087	0	0.036	0	0	0	0.029	0.031	0.016	0.029	0	0	0	0.101	0.015	-0.015	0	0	0.114	0.062	0	0	0	0.042	0.083
Pop030	0.141	0	0	0.044	0.151	0	0.282	0	0	0	0	0	0	0	0	0	0	0	0	0	0	0.056	0.03	0.078	0.178	0	0	0.119	-0.048	0	0	0	0.107	0.066	0.142	0	0.095	0	0.028	0.114	0	0.124	0	0	0	0.07	0.121	0.135	0.168	0	0	0	0.218	0.362	0.1	0.331	0	0.133	0	0	0	0.222	0	0
Pop031	0	0	0	0	0	0	0	0	0	0	0	0	0	0	0	0	0	0	0	0	0	0	0	0	0	0	0	0	0	0	0	0	0	0	0	0	0	0	0	0	0	0	0	0	0	0	0	0	0	0	0	0	0	0	0	0	0	0	0	0	0	0	0	0
Pop032	0	0	0	0	0	0	0	0	0	0	0	0	0	0	0	0	0	0	0	0	0	0	0	0	0	0	0	0	0	0	0	0	0	0	0	0	0	0	0	0	0	0	0	0	0	0	0	0	0	0	0	0	0	0	0	0	0	0	0	0	0	0	0	0
Pop033	0.081	0	0	0.032	0.043	0	0.029	0	0	0	0.109	0	0	0	0	0	0	0	0	0.206	0	0.044	0.011	-0.011	0.03	0	0	0.032	0.078	0.107	0	0	0	0.007	-0.006	0	0.005	0.03	-0.001	-0.004	0.034	0.033	0	0	0	0.058	0.081	0.025	0.049	0	0	0	0.139	0.079	0.113	0.239	0	0.132	0.078	0	0	0.209	0.028	0.066
Pop034	0.138	0	0	0.035	0.104	0	0.04	0	0	0	0	0	0	0	0	0	0	0.063	0	0	0	0.148	0.053	-0.05	0.097	0	0	-0.013	0.011	0.066	0	0	0.007	0	0.014	0	0.035	0.013	0.134	0.038	0.129	0.097	0	0	0	0.086	0.251	0.136	0.068	0	0	0	0.156	0.104	0.12	0.118	0	0.202	0.078	0	0.19	0.203	-0.004	0.243
Pop035	0.073	0	0	0.008	0.055	0	0.06	0	0	0	0	0	0	0	0	0	0	0	0	0	0	0.086	0.031	-0.02	0.04	0	0	0.022	0.048	0.142	0	0	-0.006	0.014	0	0	-0.007	0.001	0.026	-0.007	0.167	0.042	0	0	0	0.043	0.062	0.021	0.014	0	0	0	0.106	0.037	0.019	-0.005	0	0.112	0.097	0	0.071	0.095	-0.111	0.127
Pop036	0	0	0	0	0	0	0	0	0	0	0	0	0	0	0	0	0	0	0	0	0	0	0	0	0	0	0	0	0	0	0	0	0	0	0	0	0	0	0	0	0	0	0	0	0	0	0	0	0	0	0	0	0	0	0	0	0	0	0	0	0	0	0	0
Pop037	0.05	0	0	0.089	0.037	0	0.083	0	0	0	0	0	0	0	0	0	0	0	0	0	0	0.055	0.011	0.029	0.064	0	0	0.041	0.044	0.095	0	0	0.005	0.035	-0.007	0	0	0.034	0.015	0.001	0.1	0.059	0	0	0	0.078	0.094	0.054	0.053	0	0	0	0.109	0.074	0.047	0.118	0	0.108	0.191	0	0	0.206	0.111	0.188
Pop038	0.071	0	0	0.042	0.085	0	0	0	0	0	0	0	0	0	0	0	0	0	0	0	0	0.046	0.005	0.011	0.06	0	0	-0.004	0.005	0	0	0	0.03	0.013	0.001	0	0.034	0	0.086	0.025	0	0.019	0	0	0	0.102	0.088	0.096	0.012	0	0	0	0.121	0.003	-0.015	0	0	0.114	0.036	0	0	0.036	0.042	0.057
Pop039	0.065	0	0	0.091	0.027	0	0.016	0	0	0	0	0	0	0	0	0	0	0	0	0	0	0.041	0.011	-0.015	0.076	0	0	0.025	0.036	0.028	0	0	-0.001	0.134	0.026	0	0.015	0.086	0	0.029	0	0.022	0	0	0	0.089	0.036	0.06	-0.006	0	0	0	0.119	0.048	-0.045	0.014	0	0.108	0.011	0	0	0	0	0
Pop040	0.074	0	0	0.038	0.017	0	0.103	0	0	0	0	0	0	0	0	0	0	0.125	0	0	0	0.06	0.005	-0.008	0.019	0	0	0.045	0.087	0.114	0	0	-0.004	0.038	-0.007	0	0.001	0.025	0.029	0	0.017	0.036	0	0	0	0.05	0.073	0.031	0.044	0	0	0	0.146	0.083	0.01	0.034	0	0.117	0.044	0	0.061	0.176	0	0.123
Pop041	0	0	0	0	0.077	0	0.016	0	0	0	0	0	0	0	0	0	0	0	0	0	0	0.1	0	0	0	0	0	0	0	0	0	0	0.034	0.129	0.167	0	0.1	0	0	0.017	0	-0.038	0	0	0	-0.049	-0.08	-0.08	0.025	0	0	0	-0.091	0	0.167	0	0	-0.059	0.189	0	-0.031	0.104	0.036	0.083
Pop042	0.035	0	0	-0.051	-0.016	0	0.022	0	0	0	0	0	0	0	0	0	0	0	0	0	0	-0.024	-0.011	0.074	0.151	0	0	0.005	0.036	0.124	0	0	0.033	0.097	0.042	0	0.059	0.019	0.022	0.036	-0.038	0	0	0	0	0.015	0.034	0.001	0.025	0	0	0	0.125	-0.05	0.024	0.239	0	0.08	0.113	0	0	0.236	0.125	0.229
Pop043	0	0	0	0	0	0	0	0	0	0	0	0	0	0	0	0	0	0	0	0	0	0	0	0	0	0	0	0	0	0	0	0	0	0	0	0	0	0	0	0	0	0	0	0	0	0	0	0	0	0	0	0	0	0	0	0	0	0	0	0	0	0	0	0
Pop044	0	0	0	0	0	0	0	0	0	0	0	0	0	0	0	0	0	0	0	0	0	0	0	0	0	0	0	0	0	0	0	0	0	0	0	0	0	0	0	0	0	0	0	0	0	0	0	0	0	0	0	0	0	0	0	0	0	0	0	0	0	0	0	0
Pop045	0	0	0	0	0	0	0	0	0	0	0	0	0	0	0	0	0	0	0	0	0	0	0	0	0	0	0	0	0	0	0	0	0	0	0	0	0	0	0	0	0	0	0	0	0	0	0	0	0	0	0	0	0	0	0	0	0	0	0	0	0	0	0	0
Pop046	0.011	0	0	0.006	0.006	0	0.063	0	0	0	0.077	0	0	0	0	0	0	0	0.4	0	0	0.051	0.064	0.118	0.139	0	0	0.093	0.029	0.07	0	0	0.058	0.086	0.043	0	0.078	0.102	0.089	0.05	-0.049	0.015	0	0	0	0	0.014	-0.039	-0.006	0	0	0	0.125	0.082	-0.036	0.14	0	0.148	0.079	0	0	0.221	0.141	0.251
Pop047	0.015	0	0	0.075	-0.018	0	0.038	0	0	0	0.008	0	0	0	0	0	0	0	0.118	0	0	0.065	0.081	-0.038	0.085	0	0	0.056	0.031	0.121	0	0	0.081	0.251	0.062	0	0.094	0.088	0.036	0.073	-0.08	0.034	0	0	0	0.014	0	0.039	-0.046	0	0	0	0.102	0.056	0	0	0	0.124	0.081	0	0	0.122	0.227	0.032
Pop048	0.009	0	0	0.021	0.006	0	-0.06	0	0	0	0.016	0	0	0	0	0	0	0	-0.016	0	0	0.071	0.062	0.158	0.1	0	0	0.011	0.016	0.135	0	0	0.025	0.136	0.021	0	0.054	0.096	0.06	0.031	-0.08	0.001	0	0	0	-0.039	0.039	0	0.059	0	0	0	0.146	0.121	0	-0.08	0	0.12	0.097	0	0	0.091	0.5	0.083
Pop049	0.009	0	0	0.07	0.017	0	-0.001	0	0	0	0	0	0	0	0	0	0	0	0	0	0	0.031	0.045	0.026	0.005	0	0	0.039	0.029	0.168	0	0	0.049	0.068	0.014	0	0.053	0.012	-0.006	0.044	0.025	0.025	0	0	0	-0.006	-0.046	0.059	0	0	0	0	0.128	0.066	0.041	-0.031	0	0.113	0.146	0	0	0.101	0.184	0.243
Pop050	0	0	0	0	0	0	0	0	0	0	0	0	0	0	0	0	0	0	0	0	0	0	0	0	0	0	0	0	0	0	0	0	0	0	0	0	0	0	0	0	0	0	0	0	0	0	0	0	0	0	0	0	0	0	0	0	0	0	0	0	0	0	0	0
Pop051	0	0	0	0	0	0	0	0	0	0	0	0	0	0	0	0	0	0	0	0	0	0	0	0	0	0	0	0	0	0	0	0	0	0	0	0	0	0	0	0	0	0	0	0	0	0	0	0	0	0	0	0	0	0	0	0	0	0	0	0	0	0	0	0
Pop052	0	0	0	0	0	0	0	0	0	0	0	0	0	0	0	0	0	0	0	0	0	0	0	0	0	0	0	0	0	0	0	0	0	0	0	0	0	0	0	0	0	0	0	0	0	0	0	0	0	0	0	0	0	0	0	0	0	0	0	0	0	0	0	0
Pop053	0.122	0	0	0.108	0.1	0	0.118	0	0	0	0	0	0	0	0	0	0	0	0	0	0	0.101	0.161	0.16	0.152	0	0	0.128	0.101	0.218	0	0	0.139	0.156	0.106	0	0.109	0.121	0.119	0.146	-0.091	0.125	0	0	0	0.125	0.102	0.146	0.128	0	0	0	0	-0.008	0.027	-0.009	0	-0.02	0.039	0	0	0.086	0.12	0.1
Pop054	0.025	0	0	0.055	0.084	0	-0.034	0	0	0	0	0	0	0	0	0	0	0	0	0	0	0.071	0.096	0.053	0.106	0	0	0.069	0.015	0.362	0	0	0.079	0.104	0.037	0	0.074	0.003	0.048	0.083	0	-0.05	0	0	0	0.082	0.056	0.121	0.066	0	0	0	-0.008	0	0	0	0	-0.026	-0.011	0	0	0.021	0	0.071
Pop055	-0.015	0	0	0.186	0.067	0	0.051	0	0	0	0	0	0	0	0	0	0	0	0	0	0	0.103	0.027	0	0	0	0	0.096	-0.015	0.1	0	0	0.113	0.12	0.019	0	0.047	-0.015	-0.045	0.01	0.167	0.024	0	0	0	-0.036	0	0	0.041	0	0	0	0.027	0	0	-0.031	0	0.008	-0.021	0	0.13	0.006	0.045	-0.065
Pop056	0	0	0	-0.113	0.029	0	0	0	0	0	0	0	0	0	0	0	0	0	0	0	0	0	0	0	0	0	0	0.1	0	0.331	0	0	0.239	0.118	-0.005	0	0.118	0	0.014	0.034	0	0.239	0	0	0	0.14	0	-0.08	-0.031	0	0	0	-0.009	0	-0.031	0	0	0	0.111	0	0	0	0	0
Pop057	0	0	0	0	0	0	0	0	0	0	0	0	0	0	0	0	0	0	0	0	0	0	0	0	0	0	0	0	0	0	0	0	0	0	0	0	0	0	0	0	0	0	0	0	0	0	0	0	0	0	0	0	0	0	0	0	0	0	0	0	0	0	0	0
Pop058	0.118	0	0	0.151	0.133	0	0.192	0	0	0	0	0	0	0	0	0	0	0.2	0	0	0	0.123	0.137	0.102	0.176	0	0	0.121	0.114	0.133	0	0	0.132	0.202	0.112	0	0.108	0.114	0.108	0.117	-0.059	0.08	0	0	0	0.148	0.124	0.12	0.113	0	0	0	-0.02	-0.026	0.008	0	0	0	0.033	0	0	0.036	0.104	0.048
Pop059	0.133	0	0	0.097	0.055	0	0.044	0	0	0	0	0	0	0	0	0	0	0	0.25	0	0	0.093	0.07	-0.033	0.175	0	0	0.075	0.062	0	0	0	0.078	0.078	0.097	0	0.191	0.036	0.011	0.044	0.189	0.113	0	0	0	0.079	0.081	0.097	0.146	0	0	0	0.039	-0.011	-0.021	0.111	0	0.033	0	0	0	0.005	-0.038	-0.015
Pop060	0	0	0	0	0	0	0	0	0	0	0	0	0	0	0	0	0	0	0	0	0	0	0	0	0	0	0	0	0	0	0	0	0	0	0	0	0	0	0	0	0	0	0	0	0	0	0	0	0	0	0	0	0	0	0	0	0	0	0	0	0	0	0	0
Pop061	0	0	0	0	-0.019	0	0	0	0	0	0	0	0	0	0	0	0	0	0	0	0	0	0.146	0	0	0	0	0	0	0	0	0	0	0.19	0.071	0	0	0	0	0.061	-0.031	0	0	0	0	0	0	0	0	0	0	0	0	0	0.13	0	0	0	0	0	0	0	0	0
Pop062	0.026	0	0	0.109	0.205	0	0.203	0	0	0	0	0	0	0	0	0	0	0	0	0	0	0.12	0.129	0	0.136	0	0	0.273	0	0.222	0	0	0.209	0.203	0.095	0	0.206	0.036	0	0.176	0.104	0.236	0	0	0	0.221	0.122	0.091	0.101	0	0	0	0.086	0.021	0.006	0	0	0.036	0.005	0	0	0	0.069	-0.031
Pop063	0.042	0	0	0.208	0.088	0	0	0	0	0	0	0	0	0	0	0	0	0	0.583	0	0	0.098	0.025	0	0.417	0	0	0.111	0.042	0	0	0	0.028	-0.004	-0.111	0	0.111	0.042	0	0	0.036	0.125	0	0	0	0.141	0.227	0.5	0.184	0	0	0	0.12	0	0.045	0	0	0.104	-0.038	0	0	0.069	0	-0.078
Pop064	0.042	0	0	0.25	0.115	0	0.333	0	0	0	0	0	0	0	0	0	0	0	0	0	0	0.128	0.133	0.292	0.3	0	0	0.269	0.083	0	0	0	0.066	0.243	0.127	0	0.188	0.057	0	0.123	0.083	0.229	0	0	0	0.251	0.032	0.083	0.243	0	0	0	0.1	0.071	-0.065	0	0	0.048	-0.015	0	0	-0.031	-0.078	0