	Pop001	Pop002	Pop003	Pop004	Pop005	Pop006	Pop007	Pop008	Pop009	Pop010	Pop011	Pop012	Pop013	Pop014	Pop015	Pop016	Pop017	Pop018	Pop019	Pop020	Pop021	Pop022	Pop023	Pop024	Pop025	Pop026	Pop027	Pop028	Pop029	Pop030	Pop031	Pop032	Pop033	Pop034	Pop035	Pop036	Pop037	Pop038	Pop039	Pop040	Pop041	Pop042	Pop043	Pop044	Pop045	Pop046	Pop047	Pop048	Pop049
Pop001	0	0	0	0	0	0	0	0	0	0	0	0	0	0	0	0	0	0	0	0	0	0	0	0	0	0	0	0	0	0	0	0	0	0	0	0	0	0	0	0	0	0	0	0	0	0	0	0	0
Pop002	0	0	0	0	-0.018	0	-0.025	0	0	0	0.167	0	0.003	0	-0.017	-0.044	0	0	0	0	-0.039	0.006	0	-0.053	0	-0.007	-0.004	0	-0.004	0	0.05	0.156	0	0	0	-0.016	0.146	0.24	0	0	0	0.125	0	0	0	0	0	0.198	0
Pop003	0	0	0	0	0.043	0	0.26	0.281	0	0.156	0.026	0.002	0.239	-0.01	0.21	0.213	0.002	0	0	0	0.417	0.135	0.255	0.167	0.025	0.252	0.253	-0.003	0.223	0	-0.011	-0.007	-0.001	0.018	0.018	0.204	0.005	0.04	-0.003	0	0	0.017	0	0	0	0.001	0.014	0.039	0
Pop004	0	0	0	0	0	0	0	0	0	0	0	0	0	0	0	0	0	0	0	0	0	0	0	0	0	0	0	0	0	0	0	0	-0.055	0	0	0	0	0	0	0	0	0	0	0	-0.098	0	0	0	0
Pop005	0	-0.018	0.043	0	0	0	0.023	0.034	0	0	-0.017	-0.024	0.043	-0.076	0.029	-0.015	0.003	0	0	0	0.103	-0.018	0.042	0.03	0.039	0.039	0.066	0.051	0.009	0	0.065	-0.025	0.024	0.016	0.081	0.034	0.014	-0.02	-0.008	0	0	-0.024	0	0	0	0.056	0.007	0.049	0
Pop006	0	0	0	0	0	0	0	0	0	0	0	0	0	0	0	0	0	0	0	0	0	0	0	0	0	0	0	0	0	0	0	0	0	0	0	0	0	0	0	0	0	0	0	0	0	0	0	0	0
Pop007	0	-0.025	0.26	0	0.023	0	0	0.168	0	0	0.153	0.218	0.013	0.037	0.005	-0.009	0.189	0	0	0.177	-0.012	0.01	-0.003	0.012	0.134	0.033	0.002	0.163	-0.001	0	0.181	0.208	0.232	0.153	0.219	0.003	0.142	0.23	0.226	0	0	0.204	0	0	0	0	0.134	0.138	0
Pop008	0	0	0.281	0	0.034	0	0.168	0	0	0	0.094	0	0.178	0	0.275	0	0.115	0	0	0	0.125	-0.002	0.286	-0.009	0	0.104	0.222	0	0.058	0	0	0.562	0	0.143	0	0.119	0	0.083	0.367	0	0	0.563	0	0	0	0.074	0.085	0	0
Pop009	0	0	0	0	0	0	0	0	0	0	0	0	0	0	0	0	0	0	0	0	0	0	0	0	0	0	0	0	0	0	0	0	0	0	0	0	0	0	0	0	0	0	0	0	0	0	0	0	0
Pop010	0	0	0.156	0	0	0	0	0	0	0	0	0	0	0	0	0	0	0	0	0	0	0	0	0	0	0	0	0	0	0	0	0	0	0	0	0	0	0	0	0	0	0	0	0	0	0.063	0	0	0
Pop011	0	0.167	0.026	0	-0.017	0	0.153	0.094	0	0	0	-0.002	0.253	0.003	0.177	0.183	-0.007	0	0	0	0.214	0.139	0	0.143	-0.026	0.177	0.199	-0.023	0.149	0	0.016	0.019	0.018	0.007	0.042	0.159	0.008	0.014	0.061	0	0	0.041	0	0	0	0.04	0.007	0.042	0
Pop012	0	0	0.002	0	-0.024	0	0.218	0	0	0	-0.002	0	0.267	0.024	0.199	0.2	-0.005	0	0	0.242	0.268	0.137	0.239	0.161	0.038	0.264	0.247	0.031	0.254	0	0.025	0.006	0.027	0.008	0.039	0.174	0.007	0.015	0.013	0	0	0.023	0	0	0	0.027	0.011	0.028	0
Pop013	0	0.003	0.239	0	0.043	0	0.013	0.178	0	0	0.253	0.267	0	0.051	0.001	-0.008	0.222	0	0	0.318	0.005	0.047	0.026	0.014	0.229	0.007	0.017	0.195	0.01	0	0.142	0.354	0.242	0.171	0.245	0.061	0.199	0.11	0.28	0	0	0.252	0	0	0	0.242	0.212	0.185	0
Pop014	0	0	-0.01	0	-0.076	0	0.037	0	0	0	0.003	0.024	0.051	0	0.125	-0.007	-0.02	0	0	0	0.077	-0.017	0.038	0	0	0.025	0.059	0	-0.04	0	-0.015	-0.033	-0.043	-0.031	0.014	0	0	-0.059	-0.042	0	0	-0.025	0	0	0	0.064	0.013	0	0
Pop015	0	-0.017	0.21	0	0.029	0	0.005	0.275	0	0	0.177	0.199	0.001	0.125	0	-0.016	0.162	0	0	0	0.019	0.02	0.059	0.008	0.255	0.007	0.006	0.302	0.015	0	0.211	0.21	0.25	0.159	0.239	0.038	0.157	0.143	0.213	0	0	0.202	0	0	0	0.264	0.19	0.149	0
Pop016	0	-0.044	0.213	0	-0.015	0	-0.009	0	0	0	0.183	0.2	-0.008	-0.007	-0.016	0	0.203	0	0	0.286	0.053	-0.023	0.008	-0.01	0	0.001	-0.007	0	-0.017	0	0.176	0.189	0.142	0.106	0.085	0.002	0.087	0.17	0.283	0	0	0.039	0	0	0.056	0	0.141	0.094	0
Pop017	0	0	0.002	0	0.003	0	0.189	0.115	0	0	-0.007	-0.005	0.222	-0.02	0.162	0.203	0	0	0	0	0.249	0.153	0	0.139	0.038	0.237	0.277	0.01	0.191	0	0.002	0.002	0.02	0.006	0.031	0.177	0.015	0.029	0.021	0	0	0.035	0	0	0	0.026	0.018	0.052	0
Pop018	0	0	0	0	0	0	0	0	0	0	0	0	0	0	0	0	0	0	0	0	0	0	0	0	0	0	0	0	0	0	0	0	0	0	0	0	0	0	0	0	0	0	0	0	0	0	0	0	0
Pop019	0	0	0	0	0	0	0	0	0	0	0	0	0	0	0	0	0	0	0	0	0	0	0	0	0	0	0	0	0	0	0	0	0	0	0	0	0	0	0	0	0	0	0	0	0	0	0	0	0
Pop020	0	0	0	0	0	0	0.177	0	0	0	0	0.242	0.318	0	0	0.286	0	0	0	0	0	0	0	0	0	0	0.175	0	0	0	0	0	0	0.177	0	0.194	0	0	-0.06	0	0	0	0	0	0	0	0.178	0	0
Pop021	0	-0.039	0.417	0	0.103	0	-0.012	0.125	0	0	0.214	0.268	0.005	0.077	0.019	0.053	0.249	0	0	0	0	0.001	0.021	0	0	0.016	-0.005	0.135	-0.009	0	0.215	0.37	0.291	0.176	0.172	0.048	0.248	0.287	0.222	0	0	0.174	0	0	0	0	0.177	0.063	0
Pop022	0	0.006	0.135	0	-0.018	0	0.01	-0.002	0	0	0.139	0.137	0.047	-0.017	0.02	-0.023	0.153	0	0	0	0.001	0	0.035	0.015	0	0.035	0.025	0.083	0.012	0	0.193	0.104	0.112	0.149	0.115	0.031	0.133	0.121	0.104	0	0	0.104	0	0	0	0.125	0.126	0.073	0
Pop023	0	0	0.255	0	0.042	0	-0.003	0.286	0	0	0	0.239	0.026	0.038	0.059	0.008	0	0	0	0	0.021	0.035	0	0.017	0	0.033	0.04	0	0.026	0	0	0	0	0	0	0.089	0	0	0	0	0	0	0	0	0	0.272	0.25	0	0
Pop024	0	-0.053	0.167	0	0.03	0	0.012	-0.009	0	0	0.143	0.161	0.014	0	0.008	-0.01	0.139	0	0	0	0	0.015	0.017	0	0.208	0.035	0.008	0.104	-0.007	0	0.208	0.094	0.13	0.124	0.226	0.031	0.209	0.161	0	0	0	0.154	0	0	0	0	0.125	0.167	0
Pop025	0	0	0.025	0	0.039	0	0.134	0	0	0	-0.026	0.038	0.229	0	0.255	0	0.038	0	0	0	0	0	0	0.208	0	0.406	0.201	-0.069	0.375	0	0.044	0.013	-0.009	0.031	0.052	0.302	0.041	0.085	0.08	0	0	0.053	0	0	0	0.106	0.081	0.064	0
Pop026	0	-0.007	0.252	0	0.039	0	0.033	0.104	0	0	0.177	0.264	0.007	0.025	0.007	0.001	0.237	0	0	0	0.016	0.035	0.033	0.035	0.406	0	0.006	0.292	0.033	0	0.193	0.212	0.238	0.206	0.24	0.043	0.159	0.213	0.222	0	0	0.153	0	0	0	0	0.222	0.169	0
Pop027	0	-0.004	0.253	0	0.066	0	0.002	0.222	0	0	0.199	0.247	0.017	0.059	0.006	-0.007	0.277	0	0	0.175	-0.005	0.025	0.04	0.008	0.201	0.006	0	0.208	-0.001	0	0.198	0.197	0.202	0.213	0.113	0.041	0.216	0.184	0.162	0	0	0.166	0	0	0	0.324	0.174	0.184	0
Pop028	0	0	-0.003	0	0.051	0	0.163	0	0	0	-0.023	0.031	0.195	0	0.302	0	0.01	0	0	0	0.135	0.083	0	0.104	-0.069	0.292	0.208	0	0.172	0	0.016	-0.002	0.023	0.029	0.007	0	0.012	0.024	0.021	0	0	0.024	0	0	0	0.034	-0.007	0.014	0
Pop029	0	-0.004	0.223	0	0.009	0	-0.001	0.058	0	0	0.149	0.254	0.01	-0.04	0.015	-0.017	0.191	0	0	0	-0.009	0.012	0.026	-0.007	0.375	0.033	-0.001	0.172	0	0	0.193	0.12	0.178	0.197	0.229	0.051	0.215	0.157	0.248	0	0	0.202	0	0	0	0	0.191	0.219	0
Pop030	0	0	0	0	0	0	0	0	0	0	0	0	0	0	0	0	0	0	0	0	0	0	0	0	0	0	0	0	0	0	0	0	0	0	0	0	0	0	0	0	0	0	0	0	0	0	0	0	0
Pop031	0	0.05	-0.011	0	0.065	0	0.181	0	0	0	0.016	0.025	0.142	-0.015	0.211	0.176	0.002	0	0	0	0.215	0.193	0	0.208	0.044	0.193	0.198	0.016	0.193	0	0	0	0.011	-0.001	0.032	0	-0.01	0.01	-0.017	0	0	0.009	0	0	0	-0.024	0.001	0.046	0
Pop032	0	0.156	-0.007	0	-0.025	0	0.208	0.562	0	0	0.019	0.006	0.354	-0.033	0.21	0.189	0.002	0	0	0	0.37	0.104	0	0.094	0.013	0.212	0.197	-0.002	0.12	0	0	0	-0.006	-0.009	0.031	0.188	-0.014	0.001	-0.008	0	-0.125	-0.017	0	0	0	0.012	-0.014	0.012	0
Pop033	0	0	-0.001	-0.055	0.024	0	0.232	0	0	0	0.018	0.027	0.242	-0.043	0.25	0.142	0.02	0	0	0	0.291	0.112	0	0.13	-0.009	0.238	0.202	0.023	0.178	0	0.011	-0.006	0	-0.008	0.003	0.041	-0.018	-0.013	0.013	0	-0.053	-0.011	0	0	0.067	-0.01	-0.008	0.014	0
Pop034	0	0	0.018	0	0.016	0	0.153	0.143	0	0	0.007	0.008	0.171	-0.031	0.159	0.106	0.006	0	0	0.177	0.176	0.149	0	0.124	0.031	0.206	0.213	0.029	0.197	0	-0.001	-0.009	-0.008	0	0.008	0.156	-0.008	-0.003	-0.012	0	0	0	0	0	0	0.016	-0.012	0.016	0
Pop035	0	0	0.018	0	0.081	0	0.219	0	0	0	0.042	0.039	0.245	0.014	0.239	0.085	0.031	0	0	0	0.172	0.115	0	0.226	0.052	0.24	0.113	0.007	0.229	0	0.032	0.031	0.003	0.008	0	0.25	-0.002	-0.004	0.023	0	-0.186	0.001	0	0	-0.019	-0.003	0.003	-0.004	0
Pop036	0	-0.016	0.204	0	0.034	0	0.003	0.119	0	0	0.159	0.174	0.061	0	0.038	0.002	0.177	0	0	0.194	0.048	0.031	0.089	0.031	0.302	0.043	0.041	0	0.051	0	0	0.188	0.041	0.156	0.25	0	0.128	0.151	0.118	0	-0.044	0.197	0	0	0.014	0.083	0.175	0.042	0
Pop037	0	0.146	0.005	0	0.014	0	0.142	0	0	0	0.008	0.007	0.199	0	0.157	0.087	0.015	0	0	0	0.248	0.133	0	0.209	0.041	0.159	0.216	0.012	0.215	0	-0.01	-0.014	-0.018	-0.008	-0.002	0.128	0	-0.015	-0.008	0	0	-0.008	0	0	-0.047	-0.017	-0.016	0.007	0
Pop038	0	0.24	0.04	0	-0.02	0	0.23	0.083	0	0	0.014	0.015	0.11	-0.059	0.143	0.17	0.029	0	0	0	0.287	0.121	0	0.161	0.085	0.213	0.184	0.024	0.157	0	0.01	0.001	-0.013	-0.003	-0.004	0.151	-0.015	0	0.006	0	0	0.004	0	0	0	0.013	0.004	0.024	0
Pop039	0	0	-0.003	0	-0.008	0	0.226	0.367	0	0	0.061	0.013	0.28	-0.042	0.213	0.283	0.021	0	0	-0.06	0.222	0.104	0	0	0.08	0.222	0.162	0.021	0.248	0	-0.017	-0.008	0.013	-0.012	0.023	0.118	-0.008	0.006	0	0	0	0.01	0	0	0	-0.02	0.018	0.002	0
Pop040	0	0	0	0	0	0	0	0	0	0	0	0	0	0	0	0	0	0	0	0	0	0	0	0	0	0	0	0	0	0	0	0	0	0	0	0	0	0	0	0	0	0	0	0	0	0	0	0	0
Pop041	0	0	0	0	0	0	0	0	0	0	0	0	0	0	0	0	0	0	0	0	0	0	0	0	0	0	0	0	0	0	0	-0.125	-0.053	0	-0.186	-0.044	0	0	0	0	0	0	0	0	0.017	0	0	0	0
Pop042	0	0.125	0.017	0	-0.024	0	0.204	0.563	0	0	0.041	0.023	0.252	-0.025	0.202	0.039	0.035	0	0	0	0.174	0.104	0	0.154	0.053	0.153	0.166	0.024	0.202	0	0.009	-0.017	-0.011	0	0.001	0.197	-0.008	0.004	0.01	0	0	0	0	0	-0.003	0.009	-0.001	0.023	0
Pop043	0	0	0	0	0	0	0	0	0	0	0	0	0	0	0	0	0	0	0	0	0	0	0	0	0	0	0	0	0	0	0	0	0	0	0	0	0	0	0	0	0	0	0	0	0	0	0	0	0
Pop044	0	0	0	0	0	0	0	0	0	0	0	0	0	0	0	0	0	0	0	0	0	0	0	0	0	0	0	0	0	0	0	0	0	0	0	0	0	0	0	0	0	0	0	0	0	0	0	0	0
Pop045	0	0	0	-0.098	0	0	0	0	0	0	0	0	0	0	0	0.056	0	0	0	0	0	0	0	0	0	0	0	0	0	0	0	0	0.067	0	-0.019	0.014	-0.047	0	0	0	0.017	-0.003	0	0	0	0	0.341	-0.06	0
Pop046	0	0	0.001	0	0.056	0	0	0.074	0	0.063	0.04	0.027	0.242	0.064	0.264	0	0.026	0	0	0	0	0.125	0.272	0	0.106	0	0.324	0.034	0	0	-0.024	0.012	-0.01	0.016	-0.003	0.083	-0.017	0.013	-0.02	0	0	0.009	0	0	0	0	0.012	0.027	0
Pop047	0	0	0.014	0	0.007	0	0.134	0.085	0	0	0.007	0.011	0.212	0.013	0.19	0.141	0.018	0	0	0.178	0.177	0.126	0.25	0.125	0.081	0.222	0.174	-0.007	0.191	0	0.001	-0.014	-0.008	-0.012	0.003	0.175	-0.016	0.004	0.018	0	0	-0.001	0	0	0.341	0.012	0	0.006	0
Pop048	0	0.198	0.039	0	0.049	0	0.138	0	0	0	0.042	0.028	0.185	0	0.149	0.094	0.052	0	0	0	0.063	0.073	0	0.167	0.064	0.169	0.184	0.014	0.219	0	0.046	0.012	0.014	0.016	-0.004	0.042	0.007	0.024	0.002	0	0	0.023	0	0	-0.06	0.027	0.006	0	0
Pop049	0	0	0	0	0	0	0	0	0	0	0	0	0	0	0	0	0	0	0	0	0	0	0	0	0	0	0	0	0	0	0	0	0	0	0	0	0	0	0	0	0	0	0	0	0	0	0	0	0