	Pop001	Pop002	Pop003	Pop004	Pop005	Pop006	Pop007	Pop008	Pop009	Pop010	Pop011	Pop012	Pop013	Pop014	Pop015	Pop016	Pop017	Pop018	Pop019	Pop020	Pop021	Pop022	Pop023	Pop024	Pop025	Pop026	Pop027	Pop028	Pop029	Pop030	Pop031	Pop032	Pop033	Pop034	Pop035	Pop036	Pop037	Pop038	Pop039	Pop040	Pop041	Pop042	Pop043	Pop044	Pop045	Pop046	Pop047	Pop048	Pop049	Pop050	Pop051	Pop052	Pop053	Pop054	Pop055	Pop056	Pop057	Pop058	Pop059	Pop060	Pop061	Pop062	Pop063	Pop064	Pop065	Pop066	Pop067	Pop068	Pop069
Pop001	0	0	-0.021	-0.045	0.001	-0.025	0.061	0.014	0	0.033	0	0	0.012	-0.003	-0.03	0.123	0.065	0	0.055	0.215	0	-0.035	0	0.056	0	0	0.003	0.061	0	0.006	0	0	0	0.086	0.024	0	0.034	0.077	0.176	0.009	-0.092	0	0	0.023	-0.013	0.006	0.011	0.25	-0.029	-0.075	-0.034	0.013	0	0.074	0.002	0.044	0	0	0	0	0	0	0	0	0	0	0	0	0
Pop002	0	0	0	0	0	0	0	0	0	0	0	0	0	0	0	0	0	0	0	0	0	0	0	0	0	0	0	0	0	0	0	0	0	0	0	0	0	0	0	0	0	0	0	0	0	0	0	0	0	0	0	0	0	0	0	0	0	0	0	0	0	0	0	0	0	0	0	0	0
Pop003	-0.021	0	0	-0.004	0.002	0.008	0.007	-0.004	0	0.011	0	0	0.019	0.012	-0.003	0.008	0.005	0.015	0.037	0.007	0	-0.005	0.03	0.026	0	0	0.002	0.018	0	0.021	0	0	0.149	0.048	0.042	0.02	0.037	0.028	0.02	0.018	-0.003	0.016	0	0.018	0.02	0.03	0.008	0.022	0.015	0.012	-0.009	0.017	0	0.029	0.036	0.019	0	0	0	0	0	0	0.244	0.07	0.15	0.233	0	0	0.105
Pop004	-0.045	0	-0.004	0	-0.013	-0.029	0.002	-0.001	0	-0.005	0	0	0.017	-0.011	-0.004	0.028	-0.008	-0.008	0.04	0.049	0	-0.007	0.034	0.036	0	0	-0.019	0.016	0	0.011	0	0	0.137	-0.001	0.103	0.068	0.058	0.014	0.037	0.018	0.022	0.025	0	-0.003	0.01	0.029	0.05	0.061	0.056	0.023	0.03	0.036	0	0.022	0.014	0.002	0	0	0	0	0	0	0.076	0.136	0.088	0.21	0	0	0
Pop005	0.001	0	0.002	-0.013	0	0.023	0.004	0.013	0	0.014	0	0	0.004	-0.004	0.002	0.018	-0.01	-0.008	0.027	0.008	0	0.083	0.008	0.023	0	0	0.023	0.022	0	0.005	0	0	0.118	0.016	0.099	-0.016	0.053	0.031	0.018	0.022	0.024	0.06	0	0.013	0.006	0.041	0.049	0.046	0.015	0.007	0.045	0.029	0	0.035	0.032	0.02	0	0	0	0	0	0	0	0.241	0.176	0	0	0	0
Pop006	-0.025	0	0.008	-0.029	0.023	0	0.015	0.018	0	0.047	0	0	-0.001	-0.006	0.015	-0.028	-0.008	-0.007	0.008	0.048	0	0.102	-0.019	0.037	0	0	-0.018	0.031	0	0.014	0	0	0.123	-0.002	0.073	0	0.015	0.018	0.071	0.015	-0.014	0.003	0	-0.006	0.003	0.033	0.057	0.036	-0.022	0	0.006	0.012	0	-0.049	0.056	0.039	0	0	0	0	0	0	0	0	0	0	0	0	0
Pop007	0.061	0	0.007	0.002	0.004	0.015	0	-0.008	0	0.024	0	0	0.004	-0.007	-0.003	0.022	0.011	-0.008	0.035	0.06	0	0.031	-0.032	0.03	0	0	0.02	0.035	0	0.026	0	0	0.107	0.03	0.055	0	0.021	0.009	0.022	0.026	0.008	0.016	0	0.031	-0.005	0.047	0.078	0.002	0.023	0.051	0.002	0.022	0	0.045	0.029	0.016	0	0	0	0	0	0	0	0	0.179	0	0	0	0
Pop008	0.014	0	-0.004	-0.001	0.013	0.018	-0.008	0	0	0.014	0	0	-0.016	-0.011	-0.009	0.035	-0.002	-0.003	0.02	0.001	0	0.029	0.007	0.009	0	0	-0.005	0.02	0	0.032	0	0	0.174	0.012	0.068	0.03	0.035	-0.01	0.029	0.016	0.014	0.017	0	0.023	0.024	0.03	0.027	0.011	0.003	0.017	0.019	0.012	0	0.037	0.023	0.015	0	0	0	0	0	0	0.207	0.222	0.18	0.311	0	0	0
Pop009	0	0	0	0	0	0	0	0	0	0	0	0	0	0	0	0	0	0	0	0	0	0	0	0	0	0	0	0	0	0	0	0	0	0	0	0	0	0	0	0	0	0	0	0	0	0	0	0	0	0	0	0	0	0	0	0	0	0	0	0	0	0	0	0	0	0	0	0	0
Pop010	0.033	0	0.011	-0.005	0.014	0.047	0.024	0.014	0	0	0	0	-0.004	0.012	0.016	0.077	0.036	0.018	0.04	0.049	0	0.045	-0.009	0.053	0	0	0.008	0.034	0	0.021	0	0	0.197	0.02	0.094	0.068	0.056	0.059	0.057	0.039	0.049	0.024	0	0.034	0.063	0.043	0.056	0.071	0.052	0.051	0.062	0.032	0	0.041	0.038	0.047	0	0	0	0	0	0	0.19	0.212	0.229	0.287	0	0	0.25
Pop011	0	0	0	0	0	0	0	0	0	0	0	0	0	0	0	0	0	0	0	0	0	0	0	0	0	0	0	0	0	0	0	0	0	0	0	0	0	0	0	0	0	0	0	0	0	0	0	0	0	0	0	0	0	0	0	0	0	0	0	0	0	0	0	0	0	0	0	0	0
Pop012	0	0	0	0	0	0	0	0	0	0	0	0	0	0	0	0	0	0	0	0	0	0	0	0	0	0	0	0	0	0	0	0	0	0	0	0	0	0	0	0	0	0	0	0	0	0	0	0	0	0	0	0	0	0	0	0	0	0	0	0	0	0	0	0	0	0	0	0	0
Pop013	0.012	0	0.019	0.017	0.004	-0.001	0.004	-0.016	0	-0.004	0	0	0	0.001	-0.006	0.069	0.024	0.059	0.015	0.018	0	0.003	0.068	0.024	0	0	0.017	0.021	0	0.027	0	0	0.064	0.007	0.06	0	-0.001	-0.017	0.019	0.03	0.009	-0.029	0	0.044	0.027	0.042	0.028	0.025	-0.014	0.034	0.032	0.021	0	0.024	0.019	0.008	0	0	0	0	0	0	0	0.283	0	0	0	0	0
Pop014	-0.003	0	0.012	-0.011	-0.004	-0.006	-0.007	-0.011	0	0.012	0	0	0.001	0	-0.008	0.02	-0.015	0.016	0.043	0.018	0	0.022	-0.008	0.042	0	0	0.011	0.023	0	0.009	0	0	0.087	-0.001	0.09	0.01	0.027	0.032	0.027	0.016	0.02	-0.002	0	0.015	0.053	0.041	0.046	0.023	-0.004	0.018	0.004	0.02	0	0.052	0.031	0.036	0	0	0	0	0	0	0.213	0.248	0.153	0.306	0	0	0
Pop015	-0.03	0	-0.003	-0.004	0.002	0.015	-0.003	-0.009	0	0.016	0	0	-0.006	-0.008	0	0.023	-0.014	-0.025	0.032	-0.012	0	0.039	0.048	0.029	0	0	-0.006	0.016	0	0.018	0	0	0.189	-0.005	0.029	0.04	0.057	0.022	0.022	0.026	0.011	-0.003	0	0.024	0.024	0.031	0.049	0.015	0.003	0.013	0.001	0.021	0	0.058	0.031	0.031	0	0	0	0	0	0	0.258	0	0.209	0.356	0	0	0
Pop016	0.123	0	0.008	0.028	0.018	-0.028	0.022	0.035	0	0.077	0	0	0.069	0.02	0.023	0	0.001	0.038	0.09	0.066	0	0.09	0	0.041	0	0	-0.015	0.058	0	0.079	0	0	0	0.027	0.023	0	0	0.028	0.038	0.054	0.108	0	0	0	0	0.083	0.119	0.083	-0.004	0.081	0.124	0.082	0	0.149	0.046	0.063	0	0	0	0	0	0	0	0	0	0	0	0	0
Pop017	0.065	0	0.005	-0.008	-0.01	-0.008	0.011	-0.002	0	0.036	0	0	0.024	-0.015	-0.014	0.001	0	0.012	0.026	0.013	0	-0.007	-0.003	0.032	0	0	0.019	0.028	0	0.008	0	0	0.099	0.022	-0.006	0.114	0.027	-0.01	0.044	0.02	0.009	0.018	0	0.015	0.025	0.036	0.032	0.033	0.025	0.02	0.012	0.05	0	0.029	0.029	0.036	0	0	0	0	0	0	0	0.149	0.076	0	0	0	0.262
Pop018	0	0	0.015	-0.008	-0.008	-0.007	-0.008	-0.003	0	0.018	0	0	0.059	0.016	-0.025	0.038	0.012	0	-0.03	-0.015	0	0.013	-0.03	-0.013	0	0	0.005	0.014	0	0.003	0	0	0.077	-0.046	0.077	-0.076	0.006	0.019	-0.033	0.001	-0.019	-0.02	0	-0.003	-0.024	0.003	0.08	-0.025	0.02	0.001	0.026	0.005	0	0.06	-0.005	0.005	0	0	0	0	0	0	0	0	0	0	0	0	0
Pop019	0.055	0	0.037	0.04	0.027	0.008	0.035	0.02	0	0.04	0	0	0.015	0.043	0.032	0.09	0.026	-0.03	0	0.011	0	-0.027	-0.027	-0.02	0	0	0.016	0.028	0	0.003	0	0	0.154	0.038	0.026	0.064	0.01	0.007	0.02	0.016	0.013	0.018	0	-0.007	0.024	0.024	0.026	0.023	0.007	0.015	0	0.01	0	0.029	0.014	0.013	0	0	0	0	0	0	0.211	0	0.245	0.278	0	0	0
Pop020	0.215	0	0.007	0.049	0.008	0.048	0.06	0.001	0	0.049	0	0	0.018	0.018	-0.012	0.066	0.013	-0.015	0.011	0	0	-0.028	-0.022	0.016	0	0	0.019	0.029	0	-0.01	0	0	0.059	-0.039	0.038	0.017	0.001	-0.021	-0.011	0.007	-0.004	-0.018	0	-0.031	-0.009	0.02	0	0.037	-0.005	0.014	-0.039	0.005	0	0.06	0.015	-0.008	0	0	0	0	0	0	0.253	0	0.224	0.364	0	0	0
Pop021	0	0	0	0	0	0	0	0	0	0	0	0	0	0	0	0	0	0	0	0	0	0	0	0	0	0	0	0	0	0	0	0	0	0	0	0	0	0	0	0	0	0	0	0	0	0	0	0	0	0	0	0	0	0	0	0	0	0	0	0	0	0	0	0	0	0	0	0	0
Pop022	-0.035	0	-0.005	-0.007	0.083	0.102	0.031	0.029	0	0.045	0	0	0.003	0.022	0.039	0.09	-0.007	0.013	-0.027	-0.028	0	0	-0.054	-0.011	0	0	-0.003	0.047	0	-0.022	0	0	0.174	-0.023	0.01	0.037	-0.022	-0.014	0.054	-0.001	-0.023	-0.014	0	0.021	0.044	0.039	0.02	-0.025	-0.033	-0.001	-0.005	0.007	0	0.044	-0.001	-0.008	0	0	0	0	0	0	0	0	0	0	0	0	0
Pop023	0	0	0.03	0.034	0.008	-0.019	-0.032	0.007	0	-0.009	0	0	0.068	-0.008	0.048	0	-0.003	-0.03	-0.027	-0.022	0	-0.054	0	-0.003	0	0	-0.003	-0.018	0	0.002	0	0	0.095	0	0.01	0	-0.007	-0.001	-0.019	0.023	-0.032	-0.036	0	-0.019	0.014	0.004	0.012	0.032	-0.022	0.001	0	-0.019	0	0.015	-0.005	-0.01	0	0	0	0	0	0	0	0	0	0	0	0	0
Pop024	0.056	0	0.026	0.036	0.023	0.037	0.03	0.009	0	0.053	0	0	0.024	0.042	0.029	0.041	0.032	-0.013	-0.02	0.016	0	-0.011	-0.003	0	0	0	0.044	0.025	0	0.008	0	0	0.12	0.049	0.054	0.01	-0.004	-0.054	0.013	-0.004	0.011	0.04	0	-0.011	-0.016	0.012	0.003	-0.011	-0.006	0.023	-0.031	0.003	0	-0.022	0.006	-0.014	0	0	0	0	0	0	0	0	0	0	0	0	0
Pop025	0	0	0	0	0	0	0	0	0	0	0	0	0	0	0	0	0	0	0	0	0	0	0	0	0	0	0	0	0	0	0	0	0	0	0	0	0	0	0	0	0	0	0	0	0	0	0	0	0	0	0	0	0	0	0	0	0	0	0	0	0	0	0	0	0	0	0	0	0
Pop026	0	0	0	0	0	0	0	0	0	0	0	0	0	0	0	0	0	0	0	0	0	0	0	0	0	0	0	0	0	0	0	0	0	0	0	0	0	0	0	0	0	0	0	0	0	0	0	0	0	0	0	0	0	0	0	0	0	0	0	0	0	0	0	0	0	0	0	0	0
Pop027	0.003	0	0.002	-0.019	0.023	-0.018	0.02	-0.005	0	0.008	0	0	0.017	0.011	-0.006	-0.015	0.019	0.005	0.016	0.019	0	-0.003	-0.003	0.044	0	0	0	0.01	0	0.037	0	0	0.098	0.006	0.035	0.009	0.03	0.056	0.026	0.008	0.03	-0.002	0	-0.003	0.008	0.025	0.028	0.022	0.002	0.006	0.024	0.018	0	0.025	0.01	0.011	0	0	0	0	0	0	0.255	0.239	0.111	0.348	0	0	0
Pop028	0.061	0	0.018	0.016	0.022	0.031	0.035	0.02	0	0.034	0	0	0.021	0.023	0.016	0.058	0.028	0.014	0.028	0.029	0	0.047	-0.018	0.025	0	0	0.01	0	0	-0.008	0	0	0.107	-0.023	0.05	0.079	0.033	0.019	0.034	0.026	0.03	0.009	0	0.005	0.034	0.035	0.05	0.04	0	0.035	0.03	0.026	0	0.052	0.025	0.028	0	0	0	0	0	0	0.262	0.276	0.197	0.327	0	0	0
Pop029	0	0	0	0	0	0	0	0	0	0	0	0	0	0	0	0	0	0	0	0	0	0	0	0	0	0	0	0	0	0	0	0	0	0	0	0	0	0	0	0	0	0	0	0	0	0	0	0	0	0	0	0	0	0	0	0	0	0	0	0	0	0	0	0	0	0	0	0	0
Pop030	0.006	0	0.021	0.011	0.005	0.014	0.026	0.032	0	0.021	0	0	0.027	0.009	0.018	0.079	0.008	0.003	0.003	-0.01	0	-0.022	0.002	0.008	0	0	0.037	-0.008	0	0	0	0	0.209	-0.009	0.069	-0.041	0.012	0	0.033	0.004	-0.005	-0.014	0	0.009	0.018	0.015	0.004	0.018	0.007	0.016	0.027	0.024	0	0.05	0.004	0.016	0	0	0	0	0	0	0.255	0	0.185	0.271	0	0	0.37
Pop031	0	0	0	0	0	0	0	0	0	0	0	0	0	0	0	0	0	0	0	0	0	0	0	0	0	0	0	0	0	0	0	0	0	0	0	0	0	0	0	0	0	0	0	0	0	0	0	0	0	0	0	0	0	0	0	0	0	0	0	0	0	0	0	0	0	0	0	0	0
Pop032	0	0	0	0	0	0	0	0	0	0	0	0	0	0	0	0	0	0	0	0	0	0	0	0	0	0	0	0	0	0	0	0	0	0	0	0	0	0	0	0	0	0	0	0	0	0	0	0	0	0	0	0	0	0	0	0	0	0	0	0	0	0	0	0	0	0	0	0	0
Pop033	0	0	0.149	0.137	0.118	0.123	0.107	0.174	0	0.197	0	0	0.064	0.087	0.189	0	0.099	0.077	0.154	0.059	0	0.174	0.095	0.12	0	0	0.098	0.107	0	0.209	0	0	0	0	0.102	0	0.308	0.191	0.151	0.224	0.131	-0.02	0	0.15	0.125	0.206	0.205	0.114	0.17	0.225	0	0.18	0	0.333	0.204	0.176	0	0	0	0	0	0	0	0	0	0	0	0	0
Pop034	0.086	0	0.048	-0.001	0.016	-0.002	0.03	0.012	0	0.02	0	0	0.007	-0.001	-0.005	0.027	0.022	-0.046	0.038	-0.039	0	-0.023	0	0.049	0	0	0.006	-0.023	0	-0.009	0	0	0	0	0.067	-0.036	0.057	-0.024	0.021	0.032	0.053	0	0	0.054	0.047	0.031	0.125	0.021	-0.016	-0.009	0.027	0.051	0	0.078	0.005	0.024	0	0	0	0	0	0	0	0	0	0	0	0	0
Pop035	0.024	0	0.042	0.103	0.099	0.073	0.055	0.068	0	0.094	0	0	0.06	0.09	0.029	0.023	-0.006	0.077	0.026	0.038	0	0.01	0.01	0.054	0	0	0.035	0.05	0	0.069	0	0	0.102	0.067	0	0.006	-0.011	-0.024	0	0.007	0.05	0.011	0	0.029	0.011	0.043	-0.009	0.03	0	-0.032	-0.034	0.015	0	0.048	0.014	0.016	0	0	0	0	0	0	0	0	0	0	0	0	0
Pop036	0	0	0.02	0.068	-0.016	0	0	0.03	0	0.068	0	0	0	0.01	0.04	0	0.114	-0.076	0.064	0.017	0	0.037	0	0.01	0	0	0.009	0.079	0	-0.041	0	0	0	-0.036	0.006	0	0.008	0.038	0.047	0.003	0	0	0	-0.011	-0.064	0.016	0.025	0	-0.021	0.006	0.037	0.048	0	0.016	0.016	0.02	0	0	0	0	0	0	0	0	0	0	0	0	0
Pop037	0.034	0	0.037	0.058	0.053	0.015	0.021	0.035	0	0.056	0	0	-0.001	0.027	0.057	0	0.027	0.006	0.01	0.001	0	-0.022	-0.007	-0.004	0	0	0.03	0.033	0	0.012	0	0	0.308	0.057	-0.011	0.008	0	-0.008	0.005	0.006	-0.004	0	0	-0.001	-0.003	0.003	-0.011	-0.023	0.004	0.026	-0.011	-0.007	0	-0.002	-0.007	-0.01	0	0	0	0	0	0	0.241	0	0.391	0	0	0.282	0.37
Pop038	0.077	0	0.028	0.014	0.031	0.018	0.009	-0.01	0	0.059	0	0	-0.017	0.032	0.022	0.028	-0.01	0.019	0.007	-0.021	0	-0.014	-0.001	-0.054	0	0	0.056	0.019	0	0	0	0	0.191	-0.024	-0.024	0.038	-0.008	0	0.002	-0.002	-0.027	0.012	0	-0.026	-0.011	-0.018	0.008	0.008	-0.006	-0.02	-0.045	-0.007	0	0.005	-0.039	-0.016	0	0	0	0	0	0	0	0	0	0	0	0	0
Pop039	0.176	0	0.02	0.037	0.018	0.071	0.022	0.029	0	0.057	0	0	0.019	0.027	0.022	0.038	0.044	-0.033	0.02	-0.011	0	0.054	-0.019	0.013	0	0	0.026	0.034	0	0.033	0	0	0.151	0.021	0	0.047	0.005	0.002	0	-0.006	-0.001	-0.018	0	-0.001	-0.018	0.007	0	0.003	-0.012	-0.015	0.017	0.007	0	0.027	0.012	0.003	0	0	0	0	0	0	0	0	0.274	0	0	0	0
Pop040	0.009	0	0.018	0.018	0.022	0.015	0.026	0.016	0	0.039	0	0	0.03	0.016	0.026	0.054	0.02	0.001	0.016	0.007	0	-0.001	0.023	-0.004	0	0	0.008	0.026	0	0.004	0	0	0.224	0.032	0.007	0.003	0.006	-0.002	-0.006	0	-0.012	0	0	-0.013	-0.011	-0.002	0.002	0	-0.027	-0.014	-0.008	-0.008	0	0.006	-0.004	-0.007	0	0	0	0	0	0	0.182	0.194	0.198	0.265	0	0.145	0.111
Pop041	-0.092	0	-0.003	0.022	0.024	-0.014	0.008	0.014	0	0.049	0	0	0.009	0.02	0.011	0.108	0.009	-0.019	0.013	-0.004	0	-0.023	-0.032	0.011	0	0	0.03	0.03	0	-0.005	0	0	0.131	0.053	0.05	0	-0.004	-0.027	-0.001	-0.012	0	-0.01	0	-0.011	-0.018	-0.001	0.013	-0.01	0	-0.02	-0.005	0.008	0	0.031	-0.011	0.013	0	0	0	0	0	0	0.225	0.297	0.184	0.303	0	0	0
Pop042	0	0	0.016	0.025	0.06	0.003	0.016	0.017	0	0.024	0	0	-0.029	-0.002	-0.003	0	0.018	-0.02	0.018	-0.018	0	-0.014	-0.036	0.04	0	0	-0.002	0.009	0	-0.014	0	0	-0.02	0	0.011	0	0	0.012	-0.018	0	-0.01	0	0	-0.013	0.029	0.019	0.02	0.036	-0.019	-0.006	0	0.005	0	0	0.001	0.006	0	0	0	0	0	0	0	0	0	0	0	0	0
Pop043	0	0	0	0	0	0	0	0	0	0	0	0	0	0	0	0	0	0	0	0	0	0	0	0	0	0	0	0	0	0	0	0	0	0	0	0	0	0	0	0	0	0	0	0	0	0	0	0	0	0	0	0	0	0	0	0	0	0	0	0	0	0	0	0	0	0	0	0	0
Pop044	0.023	0	0.018	-0.003	0.013	-0.006	0.031	0.023	0	0.034	0	0	0.044	0.015	0.024	0	0.015	-0.003	-0.007	-0.031	0	0.021	-0.019	-0.011	0	0	-0.003	0.005	0	0.009	0	0	0.15	0.054	0.029	-0.011	-0.001	-0.026	-0.001	-0.013	-0.011	-0.013	0	0	-0.005	-0.016	-0.008	-0.006	0.005	-0.019	-0.027	-0.018	0	-0.02	0.002	-0.011	0	0	0	0	0	0	0	0	0	0	0	0	0
Pop045	-0.013	0	0.02	0.01	0.006	0.003	-0.005	0.024	0	0.063	0	0	0.027	0.053	0.024	0	0.025	-0.024	0.024	-0.009	0	0.044	0.014	-0.016	0	0	0.008	0.034	0	0.018	0	0	0.125	0.047	0.011	-0.064	-0.003	-0.011	-0.018	-0.011	-0.018	0.029	0	-0.005	0	-0.017	-0.006	0.016	-0.017	-0.013	-0.008	-0.012	0	0.007	-0.008	-0.013	0	0	0	0	0	0	0	0.134	0.176	0	0	0	0.139
Pop046	0.006	0	0.03	0.029	0.041	0.033	0.047	0.03	0	0.043	0	0	0.042	0.041	0.031	0.083	0.036	0.003	0.024	0.02	0	0.039	0.004	0.012	0	0	0.025	0.035	0	0.015	0	0	0.206	0.031	0.043	0.016	0.003	-0.018	0.007	-0.002	-0.001	0.019	0	-0.016	-0.017	0	-0.002	0.018	-0.004	-0.009	0.014	0.001	0	-0.006	0.002	0.007	0	0	0	0	0	0	0.197	0.138	0.212	0.317	0	0.157	0.183
Pop047	0.011	0	0.008	0.05	0.049	0.057	0.078	0.027	0	0.056	0	0	0.028	0.046	0.049	0.119	0.032	0.08	0.026	0	0	0.02	0.012	0.003	0	0	0.028	0.05	0	0.004	0	0	0.205	0.125	-0.009	0.025	-0.011	0.008	0	0.002	0.013	0.02	0	-0.008	-0.006	-0.002	0	0.016	-0.021	0	-0.031	0.007	0	0.015	-0.008	-0.006	0	0	0	0	0	0	0	0	0.204	0	0	0	0
Pop048	0.25	0	0.022	0.061	0.046	0.036	0.002	0.011	0	0.071	0	0	0.025	0.023	0.015	0.083	0.033	-0.025	0.023	0.037	0	-0.025	0.032	-0.011	0	0	0.022	0.04	0	0.018	0	0	0.114	0.021	0.03	0	-0.023	0.008	0.003	0	-0.01	0.036	0	-0.006	0.016	0.018	0.016	0	-0.006	-0.005	-0.05	0.022	0	0.015	0.013	0	0	0	0	0	0	0	0.266	0	0.222	0.327	0	0	0
Pop049	-0.029	0	0.015	0.056	0.015	-0.022	0.023	0.003	0	0.052	0	0	-0.014	-0.004	0.003	-0.004	0.025	0.02	0.007	-0.005	0	-0.033	-0.022	-0.006	0	0	0.002	0	0	0.007	0	0	0.17	-0.016	0	-0.021	0.004	-0.006	-0.012	-0.027	0	-0.019	0	0.005	-0.017	-0.004	-0.021	-0.006	0	-0.012	-0.027	-0.02	0	0.017	-0.014	-0.021	0	0	0	0	0	0	0.245	0	0.161	0.327	0	0	0
Pop050	-0.075	0	0.012	0.023	0.007	0	0.051	0.017	0	0.051	0	0	0.034	0.018	0.013	0.081	0.02	0.001	0.015	0.014	0	-0.001	0.001	0.023	0	0	0.006	0.035	0	0.016	0	0	0.225	-0.009	-0.032	0.006	0.026	-0.02	-0.015	-0.014	-0.02	-0.006	0	-0.019	-0.013	-0.009	0	-0.005	-0.012	0	0.001	-0.005	0	-0.004	-0.001	-0.004	0	0	0	0	0	0	0	0.317	0	0	0	0	0
Pop051	-0.034	0	-0.009	0.03	0.045	0.006	0.002	0.019	0	0.062	0	0	0.032	0.004	0.001	0.124	0.012	0.026	0	-0.039	0	-0.005	0	-0.031	0	0	0.024	0.03	0	0.027	0	0	0	0.027	-0.034	0.037	-0.011	-0.045	0.017	-0.008	-0.005	0	0	-0.027	-0.008	0.014	-0.031	-0.05	-0.027	0.001	0	0.005	0	0.025	0.002	0.013	0	0	0	0	0	0	0	0.276	0	0	0	0	0
Pop052	0.013	0	0.017	0.036	0.029	0.012	0.022	0.012	0	0.032	0	0	0.021	0.02	0.021	0.082	0.05	0.005	0.01	0.005	0	0.007	-0.019	0.003	0	0	0.018	0.026	0	0.024	0	0	0.18	0.051	0.015	0.048	-0.007	-0.007	0.007	-0.008	0.008	0.005	0	-0.018	-0.012	0.001	0.007	0.022	-0.02	-0.005	0.005	0	0	0.001	0.004	-0.002	0	0	0	0	0	0	0	0	0	0	0	0.134	0
Pop053	0	0	0	0	0	0	0	0	0	0	0	0	0	0	0	0	0	0	0	0	0	0	0	0	0	0	0	0	0	0	0	0	0	0	0	0	0	0	0	0	0	0	0	0	0	0	0	0	0	0	0	0	0	0	0	0	0	0	0	0	0	0	0	0	0	0	0	0	0
Pop054	0.074	0	0.029	0.022	0.035	-0.049	0.045	0.037	0	0.041	0	0	0.024	0.052	0.058	0.149	0.029	0.06	0.029	0.06	0	0.044	0.015	-0.022	0	0	0.025	0.052	0	0.05	0	0	0.333	0.078	0.048	0.016	-0.002	0.005	0.027	0.006	0.031	0	0	-0.02	0.007	-0.006	0.015	0.015	0.017	-0.004	0.025	0.001	0	0	0.005	0.01	0	0	0	0	0	0	0	0	0.157	0	0	0	0
Pop055	0.002	0	0.036	0.014	0.032	0.056	0.029	0.023	0	0.038	0	0	0.019	0.031	0.031	0.046	0.029	-0.005	0.014	0.015	0	-0.001	-0.005	0.006	0	0	0.01	0.025	0	0.004	0	0	0.204	0.005	0.014	0.016	-0.007	-0.039	0.012	-0.004	-0.011	0.001	0	0.002	-0.008	0.002	-0.008	0.013	-0.014	-0.001	0.002	0.004	0	0.005	0	-0.009	0	0	0	0	0	0	0.154	0.216	0.153	0.241	0	0.071	0
Pop056	0.044	0	0.019	0.002	0.02	0.039	0.016	0.015	0	0.047	0	0	0.008	0.036	0.031	0.063	0.036	0.005	0.013	-0.008	0	-0.008	-0.01	-0.014	0	0	0.011	0.028	0	0.016	0	0	0.176	0.024	0.016	0.02	-0.01	-0.016	0.003	-0.007	0.013	0.006	0	-0.011	-0.013	0.007	-0.006	0	-0.021	-0.004	0.013	-0.002	0	0.01	-0.009	0	0	0	0	0	0	0	0.194	0.25	0.225	0.284	0	0.178	0.213
Pop057	0	0	0	0	0	0	0	0	0	0	0	0	0	0	0	0	0	0	0	0	0	0	0	0	0	0	0	0	0	0	0	0	0	0	0	0	0	0	0	0	0	0	0	0	0	0	0	0	0	0	0	0	0	0	0	0	0	0	0	0	0	0	0	0	0	0	0	0	0
Pop058	0	0	0	0	0	0	0	0	0	0	0	0	0	0	0	0	0	0	0	0	0	0	0	0	0	0	0	0	0	0	0	0	0	0	0	0	0	0	0	0	0	0	0	0	0	0	0	0	0	0	0	0	0	0	0	0	0	0	0	0	0	0	0	0	0	0	0	0	0
Pop059	0	0	0	0	0	0	0	0	0	0	0	0	0	0	0	0	0	0	0	0	0	0	0	0	0	0	0	0	0	0	0	0	0	0	0	0	0	0	0	0	0	0	0	0	0	0	0	0	0	0	0	0	0	0	0	0	0	0	0	0	0	0	0	0	0	0	0	0	0
Pop060	0	0	0	0	0	0	0	0	0	0	0	0	0	0	0	0	0	0	0	0	0	0	0	0	0	0	0	0	0	0	0	0	0	0	0	0	0	0	0	0	0	0	0	0	0	0	0	0	0	0	0	0	0	0	0	0	0	0	0	0	0	0	0	0	0	0	0	0	0
Pop061	0	0	0	0	0	0	0	0	0	0	0	0	0	0	0	0	0	0	0	0	0	0	0	0	0	0	0	0	0	0	0	0	0	0	0	0	0	0	0	0	0	0	0	0	0	0	0	0	0	0	0	0	0	0	0	0	0	0	0	0	0	0	0	0	0	0	0	0	0
Pop062	0	0	0	0	0	0	0	0	0	0	0	0	0	0	0	0	0	0	0	0	0	0	0	0	0	0	0	0	0	0	0	0	0	0	0	0	0	0	0	0	0	0	0	0	0	0	0	0	0	0	0	0	0	0	0	0	0	0	0	0	0	0	0	0	0	0	0	0	0
Pop063	0	0	0.244	0.076	0	0	0	0.207	0	0.19	0	0	0	0.213	0.258	0	0	0	0.211	0.253	0	0	0	0	0	0	0.255	0.262	0	0.255	0	0	0	0	0	0	0.241	0	0	0.182	0.225	0	0	0	0	0.197	0	0.266	0.245	0	0	0	0	0	0.154	0.194	0	0	0	0	0	0	0	-0.021	0.002	0.021	0	-0.104	0
Pop064	0	0	0.07	0.136	0.241	0	0	0.222	0	0.212	0	0	0.283	0.248	0	0	0.149	0	0	0	0	0	0	0	0	0	0.239	0.276	0	0	0	0	0	0	0	0	0	0	0	0.194	0.297	0	0	0	0.134	0.138	0	0	0	0.317	0.276	0	0	0	0.216	0.25	0	0	0	0	0	0	-0.021	0	0.029	-0.014	0	0	-0.043
Pop065	0	0	0.15	0.088	0.176	0	0.179	0.18	0	0.229	0	0	0	0.153	0.209	0	0.076	0	0.245	0.224	0	0	0	0	0	0	0.111	0.197	0	0.185	0	0	0	0	0	0	0.391	0	0.274	0.198	0.184	0	0	0	0.176	0.212	0.204	0.222	0.161	0	0	0	0	0.157	0.153	0.225	0	0	0	0	0	0	0.002	0.029	0	0.054	0	0.058	0.049
Pop066	0	0	0.233	0.21	0	0	0	0.311	0	0.287	0	0	0	0.306	0.356	0	0	0	0.278	0.364	0	0	0	0	0	0	0.348	0.327	0	0.271	0	0	0	0	0	0	0	0	0	0.265	0.303	0	0	0	0	0.317	0	0.327	0.327	0	0	0	0	0	0.241	0.284	0	0	0	0	0	0	0.021	-0.014	0.054	0	0	0	0
Pop067	0	0	0	0	0	0	0	0	0	0	0	0	0	0	0	0	0	0	0	0	0	0	0	0	0	0	0	0	0	0	0	0	0	0	0	0	0	0	0	0	0	0	0	0	0	0	0	0	0	0	0	0	0	0	0	0	0	0	0	0	0	0	0	0	0	0	0	0	0
Pop068	0	0	0	0	0	0	0	0	0	0	0	0	0	0	0	0	0	0	0	0	0	0	0	0	0	0	0	0	0	0	0	0	0	0	0	0	0.282	0	0	0.145	0	0	0	0	0	0.157	0	0	0	0	0	0.134	0	0	0.071	0.178	0	0	0	0	0	0	-0.104	0	0.058	0	0	0	0
Pop069	0	0	0.105	0	0	0	0	0	0	0.25	0	0	0	0	0	0	0.262	0	0	0	0	0	0	0	0	0	0	0	0	0.37	0	0	0	0	0	0	0.37	0	0	0.111	0	0	0	0	0.139	0.183	0	0	0	0	0	0	0	0	0	0.213	0	0	0	0	0	0	0	-0.043	0.049	0	0	0	0