	Pop001	Pop002	Pop003	Pop004	Pop005	Pop006	Pop007	Pop008	Pop009	Pop010	Pop011	Pop012	Pop013	Pop014	Pop015	Pop016	Pop017	Pop018	Pop019	Pop020	Pop021	Pop022	Pop023	Pop024	Pop025	Pop026	Pop027	Pop028	Pop029	Pop030	Pop031	Pop032	Pop033	Pop034	Pop035	Pop036	Pop037	Pop038	Pop039	Pop040	Pop041	Pop042	Pop043	Pop044	Pop045	Pop046	Pop047	Pop048	Pop049	Pop050	Pop051	Pop052	Pop053	Pop054	Pop055	Pop056	Pop057	Pop058	Pop059	Pop060	Pop061	Pop062	Pop063	Pop064	Pop065	Pop066	Pop067	Pop068	Pop069
Pop001	0	-0.016	-0.013	-0.005	-0.005	0.016	0.026	-0.014	0.042	0.024	0.014	-0.039	0.005	-0.002	-0.02	0.009	-0.009	0.032	0.017	0.032	-0.895	0.038	0.022	0.02	0.206	0.043	-0.016	0.004	-0.024	0.004	-0.181	0.041	0.123	0.023	0.036	0.019	0.011	0.018	0.044	-0.006	0.018	0.021	0.068	0.021	0.023	0.022	0.026	0.031	0.02	0.023	0.011	0.003	0.048	0.045	-0.012	0.005	0.012	-0.164	-0.871	-0.937	-0.877	0.019	0.194	0.198	0.199	0.124	-0.165	0.121	0.123
Pop002	-0.016	0	-0.044	-0.003	-0.012	0	-0.026	-0.049	-0.01	-0.002	-0.051	-0.059	-0.02	-0.011	-0.029	-0.004	-0.02	0.049	-0.013	0.029	-0.93	0.07	0.038	-0.002	0.175	0.051	-0.028	-0.025	-0.024	0.004	-0.004	0.004	0.333	-0.009	0.072	0.037	-0.005	0.021	0.05	-0.04	0.004	-0.01	0.038	0.002	0.003	0.01	0	0.007	-0.01	0.013	-0.006	-0.034	0.024	0.052	-0.041	-0.022	-0.011	-0.199	-0.903	-0.969	-0.912	0.238	0.445	0.451	0.448	0.367	0.007	0.363	0.367
Pop003	-0.013	-0.044	0	-0.015	-0.001	-0.016	0.004	-0.003	0.009	0.02	-0.012	-0.062	0.009	-0.001	-0.011	-0.022	-0.006	0.023	0.035	0.029	-0.895	0.028	0.024	0.027	0.106	0.035	-0.002	0.027	-0.05	0.017	-0.239	0.013	0.033	0.013	0.041	0.018	0.037	0.034	0.035	0.024	0.031	0.027	0.046	0.035	0.03	0.042	0.03	0.032	0.029	0.034	0.029	0.026	0.035	0.055	0.024	0.024	-0.001	-0.25	-0.878	-0.93	-0.882	-0.064	0.082	0.084	0.086	0.024	-0.223	0.022	0.023
Pop004	-0.005	-0.003	-0.015	0	-0.016	-0.016	0.018	-0.005	0.049	0.022	0.019	-0.025	0.016	-0.003	-0.012	-0.02	-0.016	0.004	0.024	0.02	-0.909	0.021	0.009	0.023	0.22	0.057	-0.012	0.021	-0.025	0.005	-0.254	0.038	0.021	0.013	0.026	0.016	0.039	0.019	0.027	0.006	0.014	0.032	0.085	0.029	0.03	0.021	0.04	0.035	0.035	0.022	0.016	0.018	0.064	0.048	0.004	0.013	0.026	-0.152	-0.888	-0.954	-0.892	-0.077	0.067	0.069	0.07	0.009	-0.235	0.007	0.008
Pop005	-0.005	-0.012	-0.001	-0.016	0	-0.001	0.032	0.003	0.065	0.034	0.022	-0.031	0.025	0.004	-0.013	0.003	-0.018	0.021	0.034	0.037	-0.876	0.033	0.024	0.033	0.208	0.059	0.002	0.021	-0.014	0.013	-0.235	0.054	0.038	0.028	0.031	0.014	0.035	0.028	0.039	0.011	0.026	0.036	0.085	0.031	0.034	0.032	0.04	0.041	0.041	0.032	0.026	0.026	0.063	0.048	0.011	0.021	0.036	-0.162	-0.858	-0.92	-0.864	-0.061	0.085	0.087	0.088	0.027	-0.217	0.025	0.025
Pop006	0.016	0	-0.016	-0.016	-0.001	0	-0.002	-0.035	0.052	0.05	0.004	-0.002	0.021	-0.014	-0.022	-0.022	-0.013	0.014	0.008	0.012	-0.853	0.035	0.021	0.027	0.318	0.098	-0.02	0.014	0.012	0.009	-0.169	0.049	0.131	0.008	0.037	0.026	0.036	0.011	0.022	-0.021	0.003	0.024	0.1	0.027	0.029	0.009	0.037	0.022	0.019	0.007	0.01	-0.003	0.079	0.067	-0.019	-0.008	0.04	-0.062	-0.832	-0.904	-0.836	0.03	0.202	0.207	0.207	0.135	-0.147	0.131	0.134
Pop007	0.026	-0.026	0.004	0.018	0.032	-0.002	0	-0.008	-0.007	0.042	-0.024	-0.035	0.022	0.014	0.011	-0.017	0.02	0.041	0.024	0.029	-0.877	0.05	0.033	0.031	0.119	0.054	0.015	0.037	-0.035	0.037	-0.167	0.003	0.137	0.017	0.067	0.039	0.038	0.034	0.041	0.015	0.03	0.019	0.054	0.041	0.034	0.042	0.034	0.029	0.016	0.038	0.03	0.015	0.036	0.069	0.018	0.014	-0.003	-0.223	-0.858	-0.912	-0.862	0.032	0.21	0.212	0.213	0.139	-0.151	0.136	0.138
Pop008	-0.014	-0.049	-0.003	-0.005	0.003	-0.035	-0.008	0	-0.01	0.032	-0.026	-0.078	-0.009	-0.008	-0.014	-0.039	-0.002	-0.002	0.026	0.012	-0.906	0.007	0.004	0.016	0.072	0.014	-0.007	0.041	-0.067	0.02	-0.271	-0.008	-0.02	0.012	0.019	0.001	0.034	0.013	0.015	0.024	0.007	0.016	0.036	0.029	0.028	0.039	0.031	0.019	0.022	0.026	0.019	0.031	0.022	0.045	0.021	0.023	-0.019	-0.272	-0.891	-0.941	-0.895	-0.11	0.017	0.019	0.02	-0.032	-0.256	-0.034	-0.034
Pop009	0.042	-0.01	0.009	0.049	0.065	0.052	-0.007	-0.01	0	0.022	-0.029	-0.01	0.008	0.032	0.031	0.029	0.051	0.116	0.037	0.085	-0.842	0.137	0.093	0.049	0.112	0.075	0.018	0.027	0.022	0.07	0.049	0.02	0.379	0.042	0.136	0.1	0.043	0.081	0.109	0.022	0.071	0.024	0.063	0.056	0.064	0.065	0.05	0.062	0.029	0.076	0.063	0.02	0.055	0.096	0.019	0.033	0.034	-0.233	-0.823	-0.872	-0.83	0.283	0.485	0.491	0.489	0.409	0.059	0.406	0.41
Pop010	0.024	-0.002	0.02	0.022	0.034	0.05	0.042	0.032	0.022	0	0.018	-0.013	0.018	0.036	0.038	0.042	0.044	0.084	0.053	0.091	-0.818	0.1	0.075	0.043	0.066	0.036	0.019	0.04	-0.003	0.06	-0.127	0.046	0.17	0.049	0.093	0.061	0.052	0.08	0.096	0.05	0.076	0.05	0.051	0.048	0.057	0.072	0.05	0.081	0.055	0.076	0.069	0.048	0.039	0.061	0.048	0.06	0.041	-0.245	-0.801	-0.845	-0.807	0.068	0.246	0.249	0.249	0.174	-0.115	0.172	0.174
Pop011	0.014	-0.051	-0.012	0.019	0.022	0.004	-0.024	-0.026	-0.029	0.018	0	-0.044	-0.005	0.011	-0.004	-0.001	0.008	0.057	0.002	0.024	-0.981	0.089	0.057	0.003	0.112	0.041	-0.022	-0.01	-0.022	0.026	-0.026	-0.052	0.323	-0.009	0.077	0.045	0.005	0.027	0.051	-0.028	0.008	-0.019	0.033	0.001	0.015	0.012	0.011	-0.001	-0.009	0.017	-0.001	-0.02	0.025	0.056	-0.023	-0.01	-0.014	-0.287	-0.959	-1.016	-0.967	0.221	0.433	0.439	0.436	0.352	-0.014	0.35	0.353
Pop012	-0.039	-0.059	-0.062	-0.025	-0.031	-0.002	-0.035	-0.078	-0.01	-0.013	-0.044	0	-0.045	-0.028	-0.052	-0.012	-0.038	0.021	-0.041	0.001	-0.938	0.043	0.012	-0.025	0.228	0.04	-0.055	-0.042	-0.031	-0.019	-0.016	-0.005	0.319	-0.018	0.042	0.018	-0.032	-0.012	0.025	-0.062	-0.024	-0.028	0.033	-0.01	-0.01	-0.019	-0.013	-0.01	-0.033	-0.01	-0.033	-0.056	0.021	0.031	-0.069	-0.051	-0.023	-0.153	-0.917	-0.99	-0.926	0.225	0.432	0.44	0.436	0.355	-0.004	0.351	0.355
Pop013	0.005	-0.02	0.009	0.016	0.025	0.021	0.022	-0.009	0.008	0.018	-0.005	-0.045	0	0.015	0.007	0.019	0.016	0.054	0.028	0.059	-0.882	0.067	0.043	0.02	0.078	0.024	-0.001	0.032	-0.03	0.035	-0.165	0.014	0.137	0.031	0.063	0.034	0.03	0.044	0.064	0.026	0.04	0.022	0.046	0.035	0.039	0.049	0.041	0.043	0.03	0.04	0.039	0.03	0.024	0.06	0.021	0.03	0.015	-0.25	-0.866	-0.915	-0.87	0.032	0.211	0.214	0.214	0.139	-0.153	0.137	0.138
Pop014	-0.002	-0.011	-0.001	-0.003	0.004	-0.014	0.014	-0.008	0.032	0.036	0.011	-0.028	0.015	0	-0.007	-0.027	-0.003	0.024	0.036	0.03	-0.874	0.032	0.022	0.043	0.216	0.067	-0.006	0.031	-0.014	0.02	-0.233	0.039	0.039	0.018	0.037	0.022	0.051	0.028	0.032	0.015	0.028	0.034	0.09	0.041	0.044	0.036	0.054	0.043	0.038	0.028	0.029	0.037	0.067	0.065	0.019	0.024	0.036	-0.151	-0.853	-0.914	-0.858	-0.058	0.087	0.089	0.09	0.029	-0.215	0.027	0.028
Pop015	-0.02	-0.029	-0.011	-0.012	-0.013	-0.022	0.011	-0.014	0.031	0.038	-0.004	-0.052	0.007	-0.007	0	-0.024	-0.014	0.013	0.026	0.02	-0.905	0.022	0.014	0.025	0.191	0.049	-0.01	0.027	-0.029	0.013	-0.25	0.026	0.024	0.015	0.031	0.013	0.038	0.017	0.024	0.012	0.013	0.03	0.078	0.037	0.037	0.034	0.041	0.032	0.028	0.029	0.019	0.026	0.054	0.057	0.012	0.017	0.017	-0.177	-0.884	-0.946	-0.889	-0.073	0.072	0.074	0.075	0.014	-0.23	0.013	0.013
Pop016	0.009	-0.004	-0.022	-0.02	0.003	-0.022	-0.017	-0.039	0.029	0.042	-0.001	-0.012	0.019	-0.027	-0.024	0	-0.02	0.011	0.009	0.007	-0.866	0.03	0.019	0.027	0.316	0.092	-0.024	0.011	0	0.007	-0.176	0.027	0.127	0.012	0.039	0.03	0.033	0.01	0.022	-0.021	-0.003	0.011	0.099	0.028	0.034	0.01	0.035	0.024	0.015	0.011	-0.005	0.001	0.077	0.07	-0.019	-0.01	0.035	-0.062	-0.839	-0.917	-0.847	0.024	0.197	0.201	0.202	0.129	-0.154	0.125	0.127
Pop017	-0.009	-0.02	-0.006	-0.016	-0.018	-0.013	0.02	-0.002	0.051	0.044	0.008	-0.038	0.016	-0.003	-0.014	-0.02	0	0.013	0.028	0.027	-0.9	0.023	0.016	0.029	0.209	0.055	-0.002	0.024	-0.022	0.012	-0.248	0.035	0.025	0.016	0.024	0.012	0.03	0.017	0.027	0.007	0.013	0.03	0.081	0.028	0.027	0.026	0.044	0.032	0.032	0.02	0.015	0.024	0.053	0.049	0.007	0.018	0.026	-0.185	-0.88	-0.944	-0.886	-0.073	0.072	0.074	0.075	0.014	-0.229	0.012	0.014
Pop018	0.032	0.049	0.023	0.004	0.021	0.014	0.041	-0.002	0.116	0.084	0.057	0.021	0.054	0.024	0.013	0.011	0.013	0	0.001	0	-0.914	0.002	-0.008	0.019	0.32	0.085	0.004	0.02	0.002	-0.006	-0.265	0.052	0.011	0.013	0.011	0.006	0.038	-0.006	-0.001	-0.019	-0.014	0.02	0.104	0.02	0.03	0	0.041	0.022	0.017	-0.002	-0.01	0.002	0.08	0.055	-0.019	-0.016	0.031	-0.006	-0.88	-0.966	-0.89	-0.086	0.055	0.057	0.059	-0.001	-0.24	-0.003	-0.002
Pop019	0.017	-0.013	0.035	0.024	0.034	0.008	0.024	0.026	0.037	0.053	0.002	-0.041	0.028	0.036	0.026	0.009	0.028	0.001	0	0.018	-0.908	0.012	-0.01	-0.001	0.034	-0.005	0.017	0.037	-0.067	0.013	-0.244	-0.023	0.028	0.011	0.017	-0.009	0.003	0.013	0.014	0.01	0.005	0.003	0.01	0.004	0.014	0.026	0.017	0.002	0.002	0.011	0.004	0.008	-0.007	0.023	0.004	0.008	-0.04	-0.249	-0.892	-0.943	-0.898	-0.068	0.078	0.079	0.081	0.019	-0.23	0.018	0.018
Pop020	0.032	0.029	0.029	0.02	0.037	0.012	0.029	0.012	0.085	0.091	0.024	0.001	0.059	0.03	0.02	0.007	0.027	0	0.018	0	-0.895	-0.014	0.012	0.011	0.228	0.059	0.013	0.047	-0.026	0.011	-0.252	0.002	0.024	0.03	0.027	0.008	0.018	-0.006	-0.001	-0.01	-0.011	0.002	0.076	0.025	0.019	0.007	0.023	-0.006	0.012	0.013	-0.017	0.011	0.066	0.06	-0.014	-0.018	0.002	-0.091	-0.874	-0.946	-0.88	-0.075	0.068	0.071	0.074	0.012	-0.23	0.009	0.011
Pop021	-0.895	-0.93	-0.895	-0.909	-0.876	-0.853	-0.877	-0.906	-0.842	-0.818	-0.981	-0.938	-0.882	-0.874	-0.905	-0.866	-0.9	-0.914	-0.908	-0.895	0	-0.886	-0.932	-0.931	NA	-0.828	-0.935	-0.872	-0.935	-0.916	0.549	-0.936	-0.352	-0.89	-0.857	-0.899	-0.94	-0.933	-0.881	-0.952	-0.942	-0.958	-0.898	-0.938	-0.927	-0.897	-0.927	-0.908	-0.961	-0.919	-0.934	-0.938	-0.91	-0.833	-0.95	-0.942	-0.964	NA	NA	NA	NA	0.291	0.283	0.392	0.334	0.368	0.341	0.304	0.39
Pop022	0.038	0.07	0.028	0.021	0.033	0.035	0.05	0.007	0.137	0.1	0.089	0.043	0.067	0.032	0.022	0.03	0.023	0.002	0.012	-0.014	-0.886	0	0.004	0.019	0.339	0.093	0.014	0.042	0.009	0.002	-0.254	0.072	0.02	0.049	0.02	0.014	0.017	-0.011	0.002	-0.022	-0.006	0.026	0.107	0.033	0.025	0.001	0.03	0.009	0.017	0.005	-0.003	0.002	0.095	0.065	-0.027	-0.029	0.031	0.043	-0.848	-0.942	-0.859	-0.075	0.065	0.068	0.071	0.01	-0.228	0.007	0.008
Pop023	0.022	0.038	0.024	0.009	0.024	0.021	0.033	0.004	0.093	0.075	0.057	0.012	0.043	0.022	0.014	0.019	0.016	-0.008	-0.01	0.012	-0.932	0.004	0	0.02	0.234	0.04	0.003	0.018	-0.022	0.002	-0.262	0.041	0.005	0.027	0.001	-0.005	0.018	-0.008	0.013	-0.012	-0.011	0.01	0.07	0.013	0.016	0	0.014	0.02	0.008	0.005	-0.004	-0.003	0.046	0.024	-0.018	-0.014	0.014	-0.068	-0.889	-0.968	-0.897	-0.083	0.058	0.061	0.064	0.002	-0.24	0.001	0.001
Pop024	0.02	-0.002	0.027	0.023	0.033	0.027	0.031	0.016	0.049	0.043	0.003	-0.025	0.02	0.043	0.025	0.027	0.029	0.019	-0.001	0.011	-0.931	0.019	0.02	0	0.065	-0.019	0.011	0.028	-0.051	0.011	-0.197	-0.012	0.113	0.023	0.029	-0.003	-0.006	0.006	0.028	-0.013	0.005	-0.007	0.022	-0.005	0.005	0.018	-0.011	0.004	0.002	0.011	-0.009	-0.006	0.003	0.029	-0.019	-0.011	-0.039	-0.205	-0.91	-0.97	-0.914	0.006	0.183	0.186	0.187	0.112	-0.18	0.11	0.112
Pop025	0.206	0.175	0.106	0.22	0.208	0.318	0.119	0.072	0.112	0.066	0.112	0.228	0.078	0.216	0.191	0.316	0.209	0.32	0.034	0.228	NA	0.339	0.234	0.065	0	0.171	0.102	0.023	0.254	0.179	0.983	0.139	0.903	0.159	0.315	0.269	0.026	0.204	0.266	0.016	0.173	0.031	0.06	0.088	0.117	0.101	0.044	0.146	0.037	0.151	0.135	-0.028	0.084	0.158	0.002	0.033	0.145	NA	NA	NA	NA	0.965	0.966	0.973	0.968	0.971	0.965	0.968	0.973
Pop026	0.043	0.051	0.035	0.057	0.059	0.098	0.054	0.014	0.075	0.036	0.041	0.04	0.024	0.067	0.049	0.092	0.055	0.085	-0.005	0.059	-0.828	0.093	0.04	-0.019	0.171	0	0.006	-0.001	0.013	0.025	0.047	0.034	0.373	0.043	0.066	0.036	-0.018	0.025	0.085	-0.034	0.018	0.004	0.032	0.001	0.007	0.011	-0.019	0.041	-0.003	0.022	0.004	-0.029	0.016	0.043	-0.044	-0.018	0.018	-0.109	-0.811	-0.872	-0.814	0.282	0.481	0.487	0.484	0.406	0.057	0.403	0.407
Pop027	-0.016	-0.028	-0.002	-0.012	0.002	-0.02	0.015	-0.007	0.018	0.019	-0.022	-0.055	-0.001	-0.006	-0.01	-0.024	-0.002	0.004	0.017	0.013	-0.935	0.014	0.003	0.011	0.102	0.006	0	0.012	-0.061	0.002	-0.26	-0.006	0.013	0.006	0.022	-0.001	0.021	0.011	0.024	0.01	0.004	0.002	0.042	0.018	0.018	0.027	0.022	0.016	0.015	0.019	0.012	0.015	0.023	0.04	-0.001	0.012	-0.006	-0.248	-0.916	-0.969	-0.921	-0.084	0.062	0.064	0.065	0.003	-0.245	0.002	0.003
Pop028	0.004	-0.025	0.027	0.021	0.021	0.014	0.037	0.041	0.027	0.04	-0.01	-0.042	0.032	0.031	0.027	0.011	0.024	0.02	0.037	0.047	-0.872	0.042	0.018	0.028	0.023	-0.001	0.012	0	-0.052	-0.003	-0.219	0.001	0.045	-0.023	0.042	0.012	0.031	0.036	0.046	0.03	0.034	0	0.028	0.024	0.025	0.044	0.033	0.031	0.021	0.036	0.038	0.03	0.009	0.037	0.028	0.037	-0.01	-0.283	-0.857	-0.899	-0.859	-0.047	0.101	0.103	0.103	0.042	-0.207	0.04	0.041
Pop029	-0.024	-0.024	-0.05	-0.025	-0.014	0.012	-0.035	-0.067	0.022	-0.003	-0.022	-0.031	-0.03	-0.014	-0.029	0	-0.022	0.002	-0.067	-0.026	-0.935	0.009	-0.022	-0.051	0.254	0.013	-0.061	-0.052	0	-0.042	-0.019	-0.014	0.312	-0.026	0.02	-0.011	-0.06	-0.04	-0.007	-0.09	-0.051	-0.046	0.002	-0.041	-0.034	-0.047	-0.052	-0.041	-0.062	-0.038	-0.061	-0.085	-0.003	-0.002	-0.1	-0.086	-0.033	-0.054	-0.906	-0.989	-0.915	0.223	0.428	0.436	0.432	0.352	-0.003	0.347	0.352
Pop030	0.004	0.004	0.017	0.005	0.013	0.009	0.037	0.02	0.07	0.06	0.026	-0.019	0.035	0.02	0.013	0.007	0.012	-0.006	0.013	0.011	-0.916	0.002	0.002	0.011	0.179	0.025	0.002	-0.003	-0.042	0	-0.256	0.022	0.018	-0.003	0.01	-0.005	0.019	0	0.023	-0.004	0.005	0.013	0.061	0.023	0.019	0.019	0.021	0.017	0.013	0.009	0.008	0.014	0.038	0.041	-0.008	0.002	-0.004	-0.153	-0.893	-0.958	-0.9	-0.079	0.065	0.067	0.069	0.008	-0.238	0.005	0.007
Pop031	-0.181	-0.004	-0.239	-0.254	-0.235	-0.169	-0.167	-0.271	0.049	-0.127	-0.026	-0.016	-0.165	-0.233	-0.25	-0.176	-0.248	-0.265	-0.244	-0.252	0.549	-0.254	-0.262	-0.197	0.983	0.047	-0.26	-0.219	-0.019	-0.256	0	-0.006	-0.023	-0.175	-0.235	-0.194	-0.2	-0.268	-0.246	-0.294	-0.272	-0.208	0.017	-0.201	-0.197	-0.267	-0.195	-0.189	-0.212	-0.257	-0.265	-0.256	0.009	-0.144	-0.291	-0.289	-0.025	0.968	0.619	0.15	0.594	0.006	-0.079	-0.005	0.009	0.021	0.192	-0.053	0.003
Pop032	0.041	0.004	0.013	0.038	0.054	0.049	0.003	-0.008	0.02	0.046	-0.052	-0.005	0.014	0.039	0.026	0.027	0.035	0.052	-0.023	0.002	-0.936	0.072	0.041	-0.012	0.139	0.034	-0.006	0.001	-0.014	0.022	-0.006	0	0.336	0.01	0.067	0.032	-0.016	0.014	0.034	-0.047	-0.015	-0.046	0.02	-0.018	0.003	-0.017	-0.01	-0.013	-0.027	0.004	-0.03	-0.039	0.016	0.045	-0.049	-0.03	-0.019	-0.175	-0.917	-0.978	-0.922	0.237	0.444	0.45	0.448	0.366	0.005	0.362	0.366
Pop033	0.123	0.333	0.033	0.021	0.038	0.131	0.137	-0.02	0.379	0.17	0.323	0.319	0.137	0.039	0.024	0.127	0.025	0.011	0.028	0.024	-0.352	0.02	0.005	0.113	0.903	0.373	0.013	0.045	0.312	0.018	-0.023	0.336	0	0.128	0.041	0.114	0.112	0.012	0.032	-0.04	0.007	0.099	0.361	0.109	0.113	-0.013	0.117	0.121	0.1	0.019	0.012	0.016	0.35	0.158	-0.038	-0.035	0.32	0.82	-0.036	-0.351	-0.069	0.13	0.197	0.22	0.222	0.187	0.09	0.171	0.182
Pop034	0.023	-0.009	0.013	0.013	0.028	0.008	0.017	0.012	0.042	0.049	-0.009	-0.018	0.031	0.018	0.015	0.012	0.016	0.013	0.011	0.03	-0.89	0.049	0.027	0.023	0.159	0.043	0.006	-0.023	-0.026	-0.003	-0.175	0.01	0.128	0	0.052	0.028	0.029	0.024	0.037	0.002	0.019	0.006	0.064	0.024	0.023	0.025	0.033	0.019	0.015	0.02	0.017	0.013	0.041	0.054	0.001	0.012	0.009	-0.199	-0.869	-0.926	-0.874	0.025	0.201	0.205	0.205	0.131	-0.159	0.128	0.13
Pop035	0.036	0.072	0.041	0.026	0.031	0.037	0.067	0.019	0.136	0.093	0.077	0.042	0.063	0.037	0.031	0.039	0.024	0.011	0.017	0.027	-0.857	0.02	0.001	0.029	0.315	0.066	0.022	0.042	0.02	0.01	-0.235	0.067	0.041	0.052	0	-0.009	0.032	-0.001	0.021	-0.022	-0.01	0.034	0.09	0.015	0.02	0.004	0.025	0.032	0.032	-0.002	0.002	0.012	0.072	0.042	-0.017	-0.004	0.046	-0.012	-0.828	-0.915	-0.839	-0.058	0.084	0.086	0.089	0.027	-0.212	0.024	0.026
Pop036	0.019	0.037	0.018	0.016	0.014	0.026	0.039	0.001	0.1	0.061	0.045	0.018	0.034	0.022	0.013	0.03	0.012	0.006	-0.009	0.008	-0.899	0.014	-0.005	-0.003	0.269	0.036	-0.001	0.012	-0.011	-0.005	-0.194	0.032	0.114	0.028	-0.009	0	-0.017	-0.019	0.007	-0.046	-0.025	-0.003	0.053	-0.012	-0.005	-0.019	-0.005	0.004	-0.004	-0.017	-0.023	-0.021	0.031	0.021	-0.044	-0.037	0.004	-0.053	-0.871	-0.953	-0.881	0.009	0.182	0.187	0.188	0.114	-0.171	0.111	0.112
Pop037	0.011	-0.005	0.037	0.039	0.035	0.036	0.038	0.034	0.043	0.052	0.005	-0.032	0.03	0.051	0.038	0.033	0.03	0.038	0.003	0.018	-0.94	0.017	0.018	-0.006	0.026	-0.018	0.021	0.031	-0.06	0.019	-0.2	-0.016	0.112	0.029	0.032	-0.017	0	-0.002	0.03	-0.006	0.012	-0.005	-0.001	-0.014	-0.008	0.01	-0.012	-0.005	-0.013	0.015	-0.007	-0.009	-0.014	0.007	-0.018	-0.008	-0.048	-0.269	-0.922	-0.977	-0.927	0.004	0.182	0.184	0.186	0.11	-0.184	0.108	0.11
Pop038	0.018	0.021	0.034	0.019	0.028	0.011	0.034	0.013	0.081	0.08	0.027	-0.012	0.044	0.028	0.017	0.01	0.017	-0.006	0.013	-0.006	-0.933	-0.011	-0.008	0.006	0.204	0.025	0.011	0.036	-0.04	0	-0.268	0.014	0.012	0.024	-0.001	-0.019	-0.002	0	-0.005	-0.022	-0.016	0.01	0.05	0.001	-0.004	-0.001	0.006	-0.002	-0.003	-0.002	-0.017	-0.008	0.026	0.025	-0.026	-0.023	-0.022	-0.123	-0.909	-0.979	-0.914	-0.088	0.054	0.056	0.059	-0.003	-0.247	-0.005	-0.004
Pop039	0.044	0.05	0.035	0.027	0.039	0.022	0.041	0.015	0.109	0.096	0.051	0.025	0.064	0.032	0.024	0.022	0.027	-0.001	0.014	-0.001	-0.881	0.002	0.013	0.028	0.266	0.085	0.024	0.046	-0.007	0.023	-0.246	0.034	0.032	0.037	0.021	0.007	0.03	-0.005	0	-0.02	-0.001	0.018	0.073	0.016	0.012	-0.008	0.028	0.009	0.01	-0.011	0.004	0.008	0.061	0.042	-0.01	-0.015	0.012	-0.043	-0.852	-0.933	-0.864	-0.068	0.074	0.077	0.079	0.018	-0.223	0.015	0.017
Pop040	-0.006	-0.04	0.024	0.006	0.011	-0.021	0.015	0.024	0.022	0.05	-0.028	-0.062	0.026	0.015	0.012	-0.021	0.007	-0.019	0.01	-0.01	-0.952	-0.022	-0.012	-0.013	0.016	-0.034	0.01	0.03	-0.09	-0.004	-0.294	-0.047	-0.04	0.002	-0.022	-0.046	-0.006	-0.022	-0.02	0	-0.027	-0.015	-0.024	-0.024	-0.029	-0.009	-0.019	-0.028	-0.027	-0.024	-0.014	-0.018	-0.031	-0.005	-0.006	-0.008	-0.074	-0.294	-0.935	-0.987	-0.944	-0.13	-0.004	-0.003	-0.001	-0.053	-0.279	-0.055	-0.054
Pop041	0.018	0.004	0.031	0.014	0.026	0.003	0.03	0.007	0.071	0.076	0.008	-0.024	0.04	0.028	0.013	-0.003	0.013	-0.014	0.005	-0.011	-0.942	-0.006	-0.011	0.005	0.173	0.018	0.004	0.034	-0.051	0.005	-0.272	-0.015	0.007	0.019	-0.01	-0.025	0.012	-0.016	-0.001	-0.027	0	-0.005	0.038	-0.004	0.005	-0.002	0.005	-0.006	0	-0.005	-0.025	-0.001	0.021	0.03	-0.021	-0.013	-0.027	-0.165	-0.919	-0.987	-0.928	-0.092	0.051	0.053	0.055	-0.007	-0.253	-0.008	-0.007
Pop042	0.021	-0.01	0.027	0.032	0.036	0.024	0.019	0.016	0.024	0.05	-0.019	-0.028	0.022	0.034	0.03	0.011	0.03	0.02	0.003	0.002	-0.958	0.026	0.01	-0.007	0.031	0.004	0.002	0	-0.046	0.013	-0.208	-0.046	0.099	0.006	0.034	-0.003	-0.005	0.01	0.018	-0.015	-0.005	0	0.006	-0.006	0.004	0.006	-0.002	-0.008	-0.014	-0.001	0	-0.01	-0.001	0.028	-0.015	-0.007	-0.033	-0.252	-0.936	-0.989	-0.941	-0.005	0.174	0.177	0.177	0.102	-0.193	0.1	0.101
Pop043	0.068	0.038	0.046	0.085	0.085	0.1	0.054	0.036	0.063	0.051	0.033	0.033	0.046	0.09	0.078	0.099	0.081	0.104	0.01	0.076	-0.898	0.107	0.07	0.022	0.06	0.032	0.042	0.028	0.002	0.061	0.017	0.02	0.361	0.064	0.09	0.053	-0.001	0.05	0.073	-0.024	0.038	0.006	0	-0.003	-0.014	0.011	-0.024	0.026	-0.011	0.019	0.039	-0.024	-0.004	0.032	-0.014	-0.005	-0.012	-0.227	-0.877	-0.933	-0.881	0.26	0.466	0.471	0.469	0.388	0.03	0.384	0.388
Pop044	0.021	0.002	0.035	0.029	0.031	0.027	0.041	0.029	0.056	0.048	0.001	-0.01	0.035	0.041	0.037	0.028	0.028	0.02	0.004	0.025	-0.938	0.033	0.013	-0.005	0.088	0.001	0.018	0.024	-0.041	0.023	-0.201	-0.018	0.109	0.024	0.015	-0.012	-0.014	0.001	0.016	-0.024	-0.004	-0.006	-0.003	0	-0.015	-0.014	-0.008	0.007	-0.005	-0.015	-0.011	-0.017	-0.008	-0.005	-0.014	-0.008	-0.031	-0.223	-0.918	-0.977	-0.925	0.003	0.18	0.183	0.184	0.108	-0.184	0.106	0.108
Pop045	0.023	0.003	0.03	0.03	0.034	0.029	0.034	0.028	0.064	0.057	0.015	-0.01	0.039	0.044	0.037	0.034	0.027	0.03	0.014	0.019	-0.927	0.025	0.016	0.005	0.117	0.007	0.018	0.025	-0.034	0.019	-0.197	0.003	0.113	0.023	0.02	-0.005	-0.008	-0.004	0.012	-0.029	0.005	0.004	-0.014	-0.015	0	-0.014	-0.015	0	-0.012	-0.004	0.003	-0.026	-0.012	-0.001	-0.022	-0.016	-0.03	-0.206	-0.906	-0.967	-0.912	0.006	0.184	0.187	0.188	0.113	-0.179	0.11	0.112
Pop046	0.022	0.01	0.042	0.021	0.032	0.009	0.042	0.039	0.065	0.072	0.012	-0.019	0.049	0.036	0.034	0.01	0.026	0	0.026	0.007	-0.897	0.001	0	0.018	0.101	0.011	0.027	0.044	-0.047	0.019	-0.267	-0.017	-0.013	0.025	0.004	-0.019	0.01	-0.001	-0.008	-0.009	-0.002	0.006	0.011	-0.014	-0.014	0	0.009	0	-0.001	-0.015	0.006	0.011	0.001	-0.002	0.005	0.007	-0.032	-0.196	-0.877	-0.933	-0.881	-0.105	0.022	0.023	0.025	-0.028	-0.251	-0.03	-0.029
Pop047	0.026	0	0.03	0.04	0.04	0.037	0.034	0.031	0.05	0.05	0.011	-0.013	0.041	0.054	0.041	0.035	0.044	0.041	0.017	0.023	-0.927	0.03	0.014	-0.011	0.044	-0.019	0.022	0.033	-0.052	0.021	-0.195	-0.01	0.117	0.033	0.025	-0.005	-0.012	0.006	0.028	-0.019	0.005	-0.002	-0.024	-0.008	-0.015	0.009	0	0.005	-0.013	0.009	0.009	-0.01	-0.025	0.013	-0.016	-0.01	-0.039	-0.243	-0.907	-0.968	-0.913	0.008	0.187	0.189	0.191	0.115	-0.178	0.113	0.115
Pop048	0.031	0.007	0.032	0.035	0.041	0.022	0.029	0.019	0.062	0.081	-0.001	-0.01	0.043	0.043	0.032	0.024	0.032	0.022	0.002	-0.006	-0.908	0.009	0.02	0.004	0.146	0.041	0.016	0.031	-0.041	0.017	-0.189	-0.013	0.121	0.019	0.032	0.004	-0.005	-0.002	0.009	-0.028	-0.006	-0.008	0.026	0.007	0	0	0.005	0	-0.004	-0.001	-0.012	-0.012	0.031	0.041	-0.023	-0.025	-0.041	-0.169	-0.885	-0.95	-0.89	0.015	0.191	0.193	0.195	0.12	-0.17	0.117	0.12
Pop049	0.02	-0.01	0.029	0.035	0.041	0.019	0.016	0.022	0.029	0.055	-0.009	-0.033	0.03	0.038	0.028	0.015	0.032	0.017	0.002	0.012	-0.961	0.017	0.008	0.002	0.037	-0.003	0.015	0.021	-0.062	0.013	-0.212	-0.027	0.1	0.015	0.032	-0.004	-0.013	-0.003	0.01	-0.027	0	-0.014	-0.011	-0.005	-0.012	-0.001	-0.013	-0.004	0	-0.004	0.003	-0.021	-0.024	0.013	-0.021	-0.023	-0.05	-0.256	-0.944	-0.998	-0.949	-0.008	0.171	0.174	0.174	0.099	-0.197	0.097	0.098
Pop050	0.023	0.013	0.034	0.022	0.032	0.007	0.038	0.026	0.076	0.076	0.017	-0.01	0.04	0.028	0.029	0.011	0.02	-0.002	0.011	0.013	-0.919	0.005	0.005	0.011	0.151	0.022	0.019	0.036	-0.038	0.009	-0.257	0.004	0.019	0.02	-0.002	-0.017	0.015	-0.002	-0.011	-0.024	-0.005	-0.001	0.019	-0.015	-0.004	-0.015	0.009	-0.001	-0.004	0	0.004	0.006	0.012	0.011	-0.008	-0.011	-0.024	-0.17	-0.897	-0.961	-0.903	-0.08	0.065	0.067	0.069	0.008	-0.238	0.005	0.007
Pop051	0.011	-0.006	0.029	0.016	0.026	0.01	0.03	0.019	0.063	0.069	-0.001	-0.033	0.039	0.029	0.019	-0.005	0.015	-0.01	0.004	-0.017	-0.934	-0.003	-0.004	-0.009	0.135	0.004	0.012	0.038	-0.061	0.008	-0.265	-0.03	0.012	0.017	0.002	-0.023	-0.007	-0.017	0.004	-0.014	-0.025	0	0.039	-0.011	0.003	0.006	0.009	-0.012	0.003	0.004	0	0.002	0.017	0.024	-0.014	-0.006	-0.034	-0.189	-0.916	-0.975	-0.922	-0.088	0.057	0.059	0.061	0	-0.247	-0.003	-0.001
Pop052	0.003	-0.034	0.026	0.018	0.026	-0.003	0.015	0.031	0.02	0.048	-0.02	-0.056	0.03	0.037	0.026	0.001	0.024	0.002	0.008	0.011	-0.938	0.002	-0.003	-0.006	-0.028	-0.029	0.015	0.03	-0.085	0.014	-0.256	-0.039	0.016	0.013	0.012	-0.021	-0.009	-0.008	0.008	-0.018	-0.001	-0.01	-0.024	-0.017	-0.026	0.011	-0.01	-0.012	-0.021	0.006	0.002	0	-0.035	-0.004	-0.002	0.001	-0.07	-0.309	-0.922	-0.97	-0.926	-0.08	0.067	0.068	0.069	0.008	-0.242	0.006	0.007
Pop053	0.048	0.024	0.035	0.064	0.063	0.079	0.036	0.022	0.055	0.039	0.025	0.021	0.024	0.067	0.054	0.077	0.053	0.08	-0.007	0.066	-0.91	0.095	0.046	0.003	0.084	0.016	0.023	0.009	-0.003	0.038	0.009	0.016	0.35	0.041	0.072	0.031	-0.014	0.026	0.061	-0.031	0.021	-0.001	-0.004	-0.008	-0.012	0.001	-0.025	0.031	-0.024	0.012	0.017	-0.035	0	0.018	-0.026	-0.024	-0.01	-0.198	-0.892	-0.951	-0.9	0.251	0.457	0.463	0.461	0.379	0.019	0.376	0.379
Pop054	0.045	0.052	0.055	0.048	0.048	0.067	0.069	0.045	0.096	0.061	0.056	0.031	0.06	0.065	0.057	0.07	0.049	0.055	0.023	0.06	-0.833	0.065	0.024	0.029	0.158	0.043	0.04	0.037	-0.002	0.041	-0.144	0.045	0.158	0.054	0.042	0.021	0.007	0.025	0.042	-0.005	0.03	0.028	0.032	-0.005	-0.001	-0.002	0.013	0.041	0.013	0.011	0.024	-0.004	0.018	0	-0.001	0.006	0.016	-0.129	-0.816	-0.875	-0.821	0.054	0.229	0.232	0.233	0.158	-0.13	0.156	0.158
Pop055	-0.012	-0.041	0.024	0.004	0.011	-0.019	0.018	0.021	0.019	0.048	-0.023	-0.069	0.021	0.019	0.012	-0.019	0.007	-0.019	0.004	-0.014	-0.95	-0.027	-0.018	-0.019	0.002	-0.044	-0.001	0.028	-0.1	-0.008	-0.291	-0.049	-0.038	0.001	-0.017	-0.044	-0.018	-0.026	-0.01	-0.006	-0.021	-0.015	-0.014	-0.014	-0.022	0.005	-0.016	-0.023	-0.021	-0.008	-0.014	-0.002	-0.026	-0.001	0	-0.015	-0.064	-0.307	-0.933	-0.982	-0.937	-0.128	-0.002	0	0.001	-0.051	-0.277	-0.052	-0.052
Pop056	0.005	-0.022	0.024	0.013	0.021	-0.008	0.014	0.023	0.033	0.06	-0.01	-0.051	0.03	0.024	0.017	-0.01	0.018	-0.016	0.008	-0.018	-0.942	-0.029	-0.014	-0.011	0.033	-0.018	0.012	0.037	-0.086	0.002	-0.289	-0.03	-0.035	0.012	-0.004	-0.037	-0.008	-0.023	-0.015	-0.008	-0.013	-0.007	-0.005	-0.008	-0.016	0.007	-0.01	-0.025	-0.023	-0.011	-0.006	0.001	-0.024	0.006	-0.015	0	-0.068	-0.25	-0.923	-0.975	-0.93	-0.124	0.001	0.002	0.004	-0.049	-0.274	-0.05	-0.05
Pop057	0.012	-0.011	-0.001	0.026	0.036	0.04	-0.003	-0.019	0.034	0.041	-0.014	-0.023	0.015	0.036	0.017	0.035	0.026	0.031	-0.04	0.002	-0.964	0.031	0.014	-0.039	0.145	0.018	-0.006	-0.01	-0.033	-0.004	-0.025	-0.019	0.32	0.009	0.046	0.004	-0.048	-0.022	0.012	-0.074	-0.027	-0.033	-0.012	-0.031	-0.03	-0.032	-0.039	-0.041	-0.05	-0.024	-0.034	-0.07	-0.01	0.016	-0.064	-0.068	0	-0.183	-0.94	-1.012	-0.949	0.222	0.431	0.437	0.434	0.352	-0.012	0.348	0.352
Pop058	-0.164	-0.199	-0.25	-0.152	-0.162	-0.062	-0.223	-0.272	-0.233	-0.245	-0.287	-0.153	-0.25	-0.151	-0.177	-0.062	-0.185	-0.006	-0.249	-0.091	NA	0.043	-0.068	-0.205	NA	-0.109	-0.248	-0.283	-0.054	-0.153	0.968	-0.175	0.82	-0.199	-0.012	-0.053	-0.269	-0.123	-0.043	-0.294	-0.165	-0.252	-0.227	-0.223	-0.206	-0.196	-0.243	-0.169	-0.256	-0.17	-0.189	-0.309	-0.198	-0.129	-0.307	-0.25	-0.183	0	NA	NA	NA	0.934	0.936	0.948	0.938	0.944	0.934	0.938	0.948
Pop059	-0.871	-0.903	-0.878	-0.888	-0.858	-0.832	-0.858	-0.891	-0.823	-0.801	-0.959	-0.917	-0.866	-0.853	-0.884	-0.839	-0.88	-0.88	-0.892	-0.874	NA	-0.848	-0.889	-0.91	NA	-0.811	-0.916	-0.857	-0.906	-0.893	0.619	-0.917	-0.036	-0.869	-0.828	-0.871	-0.922	-0.909	-0.852	-0.935	-0.919	-0.936	-0.877	-0.918	-0.906	-0.877	-0.907	-0.885	-0.944	-0.897	-0.916	-0.922	-0.892	-0.816	-0.933	-0.923	-0.94	NA	0	NA	NA	0.264	0.229	0.37	0.258	0.347	0.247	0.255	0.391
Pop060	-0.937	-0.969	-0.93	-0.954	-0.92	-0.904	-0.912	-0.941	-0.872	-0.845	-1.016	-0.99	-0.915	-0.914	-0.946	-0.917	-0.944	-0.966	-0.943	-0.946	NA	-0.942	-0.968	-0.97	NA	-0.872	-0.969	-0.899	-0.989	-0.958	0.15	-0.978	-0.351	-0.926	-0.915	-0.953	-0.977	-0.979	-0.933	-0.987	-0.987	-0.989	-0.933	-0.977	-0.967	-0.933	-0.968	-0.95	-0.998	-0.961	-0.975	-0.97	-0.951	-0.875	-0.982	-0.975	-1.012	NA	NA	0	NA	-0.133	-0.213	-0.049	-0.1	-0.076	-0.065	-0.13	-0.137
Pop061	-0.877	-0.912	-0.882	-0.892	-0.864	-0.836	-0.862	-0.895	-0.83	-0.807	-0.967	-0.926	-0.87	-0.858	-0.889	-0.847	-0.886	-0.89	-0.898	-0.88	NA	-0.859	-0.897	-0.914	NA	-0.814	-0.921	-0.859	-0.915	-0.9	0.594	-0.922	-0.069	-0.874	-0.839	-0.881	-0.927	-0.914	-0.864	-0.944	-0.928	-0.941	-0.881	-0.925	-0.912	-0.881	-0.913	-0.89	-0.949	-0.903	-0.922	-0.926	-0.9	-0.821	-0.937	-0.93	-0.949	NA	NA	NA	0	0.167	0.166	0.3	0.19	0.197	0.202	0.226	0.299
Pop062	0.019	0.238	-0.064	-0.077	-0.061	0.03	0.032	-0.11	0.283	0.068	0.221	0.225	0.032	-0.058	-0.073	0.024	-0.073	-0.086	-0.068	-0.075	0.291	-0.075	-0.083	0.006	0.965	0.282	-0.084	-0.047	0.223	-0.079	0.006	0.237	0.13	0.025	-0.058	0.009	0.004	-0.088	-0.068	-0.13	-0.092	-0.005	0.26	0.003	0.006	-0.105	0.008	0.015	-0.008	-0.08	-0.088	-0.08	0.251	0.054	-0.128	-0.124	0.222	0.934	0.264	-0.133	0.167	0	-0.011	0.028	0.008	0.013	0.027	-0.02	0.009
Pop063	0.194	0.445	0.082	0.067	0.085	0.202	0.21	0.017	0.485	0.246	0.433	0.432	0.211	0.087	0.072	0.197	0.072	0.055	0.078	0.068	0.283	0.065	0.058	0.183	0.966	0.481	0.062	0.101	0.428	0.065	-0.079	0.444	0.197	0.201	0.084	0.182	0.182	0.054	0.074	-0.004	0.051	0.174	0.466	0.18	0.184	0.022	0.187	0.191	0.171	0.065	0.057	0.067	0.457	0.229	-0.002	0.001	0.431	0.936	0.229	-0.213	0.166	-0.011	0	-0.051	0.004	-0.028	0.026	-0.021	-0.051
Pop064	0.198	0.451	0.084	0.069	0.087	0.207	0.212	0.019	0.491	0.249	0.439	0.44	0.214	0.089	0.074	0.201	0.074	0.057	0.079	0.071	0.392	0.068	0.061	0.186	0.973	0.487	0.064	0.103	0.436	0.067	-0.005	0.45	0.22	0.205	0.086	0.187	0.184	0.056	0.077	-0.003	0.053	0.177	0.471	0.183	0.187	0.023	0.189	0.193	0.174	0.067	0.059	0.068	0.463	0.232	0	0.002	0.437	0.948	0.37	-0.049	0.3	0.028	-0.051	0	0.032	-0.029	0.078	0	-0.004
Pop065	0.199	0.448	0.086	0.07	0.088	0.207	0.213	0.02	0.489	0.249	0.436	0.436	0.214	0.09	0.075	0.202	0.075	0.059	0.081	0.074	0.334	0.071	0.064	0.187	0.968	0.484	0.065	0.103	0.432	0.069	0.009	0.448	0.222	0.205	0.089	0.188	0.186	0.059	0.079	-0.001	0.055	0.177	0.469	0.184	0.188	0.025	0.191	0.195	0.174	0.069	0.061	0.069	0.461	0.233	0.001	0.004	0.434	0.938	0.258	-0.1	0.19	0.008	0.004	0.032	0	0.037	0.054	0.009	0.042
Pop066	0.124	0.367	0.024	0.009	0.027	0.135	0.139	-0.032	0.409	0.174	0.352	0.355	0.139	0.029	0.014	0.129	0.014	-0.001	0.019	0.012	0.368	0.01	0.002	0.112	0.971	0.406	0.003	0.042	0.352	0.008	0.021	0.366	0.187	0.131	0.027	0.114	0.11	-0.003	0.018	-0.053	-0.007	0.102	0.388	0.108	0.113	-0.028	0.115	0.12	0.099	0.008	0	0.008	0.379	0.158	-0.051	-0.049	0.352	0.944	0.347	-0.076	0.197	0.013	-0.028	-0.029	0.037	0	0.067	-0.008	-0.029
Pop067	-0.165	0.007	-0.223	-0.235	-0.217	-0.147	-0.151	-0.256	0.059	-0.115	-0.014	-0.004	-0.153	-0.215	-0.23	-0.154	-0.229	-0.24	-0.23	-0.23	0.341	-0.228	-0.24	-0.18	0.965	0.057	-0.245	-0.207	-0.003	-0.238	0.192	0.005	0.09	-0.159	-0.212	-0.171	-0.184	-0.247	-0.223	-0.279	-0.253	-0.193	0.03	-0.184	-0.179	-0.251	-0.178	-0.17	-0.197	-0.238	-0.247	-0.242	0.019	-0.13	-0.277	-0.274	-0.012	0.934	0.247	-0.065	0.202	0.027	0.026	0.078	0.054	0.067	0	0.052	0.063
Pop068	0.121	0.363	0.022	0.007	0.025	0.131	0.136	-0.034	0.406	0.172	0.35	0.351	0.137	0.027	0.013	0.125	0.012	-0.003	0.018	0.009	0.304	0.007	0.001	0.11	0.968	0.403	0.002	0.04	0.347	0.005	-0.053	0.362	0.171	0.128	0.024	0.111	0.108	-0.005	0.015	-0.055	-0.008	0.1	0.384	0.106	0.11	-0.03	0.113	0.117	0.097	0.005	-0.003	0.006	0.376	0.156	-0.052	-0.05	0.348	0.938	0.255	-0.13	0.226	-0.02	-0.021	0	0.009	-0.008	0.052	0	0.018
Pop069	0.123	0.367	0.023	0.008	0.025	0.134	0.138	-0.034	0.41	0.174	0.353	0.355	0.138	0.028	0.013	0.127	0.014	-0.002	0.018	0.011	0.39	0.008	0.001	0.112	0.973	0.407	0.003	0.041	0.352	0.007	0.003	0.366	0.182	0.13	0.026	0.112	0.11	-0.004	0.017	-0.054	-0.007	0.101	0.388	0.108	0.112	-0.029	0.115	0.12	0.098	0.007	-0.001	0.007	0.379	0.158	-0.052	-0.05	0.352	0.948	0.391	-0.137	0.299	0.009	-0.051	-0.004	0.042	-0.029	0.063	0.018	0