	Pop001	Pop002	Pop003	Pop004	Pop005	Pop006	Pop007	Pop008	Pop009	Pop010	Pop011	Pop012	Pop013	Pop014	Pop015	Pop016	Pop017	Pop018	Pop019	Pop020	Pop021	Pop022	Pop023	Pop024	Pop025	Pop026	Pop027	Pop028	Pop029	Pop030	Pop031	Pop032	Pop033	Pop034
Pop001	0	0.96	0.963	0.887	0.912	0.959	0.945	0.919	0.965	0.942	0.964	0.969	0.895	1.035	1.017	1.016	1.037	0.992	1.019	1.018	1.059	1.028	1.034	1.011	1.128	0.99	1.185	1.071	1.138	0.981	1.08	1.037	1.133	1.01
Pop002	0.96	0	0.942	0.89	0.913	0.945	0.949	0.916	0.973	0.958	0.982	0.966	0.897	1.032	1.013	1.035	1.059	0.98	1.027	1.032	1.053	1.04	1.067	1.027	1.149	1.001	1.194	1.078	1.165	0.981	1.091	1.058	1.135	1.015
Pop003	0.963	0.942	0	0.91	0.937	0.937	0.948	0.92	0.961	0.956	0.976	0.948	0.904	1.055	1.035	1.024	1.065	1.007	1.036	1.038	1.07	1.036	1.069	1.034	1.152	1.005	1.199	1.087	1.166	0.988	1.099	1.061	1.142	1.026
Pop004	0.887	0.89	0.91	0	0.797	0.871	0.876	0.798	0.912	0.872	0.909	0.901	0.765	0.93	0.91	0.914	0.931	0.874	0.916	0.923	0.953	0.93	0.941	0.906	1.045	0.895	1.103	0.97	1.048	0.871	0.991	0.942	1.031	0.908
Pop005	0.912	0.913	0.937	0.797	0	0.877	0.892	0.808	0.939	0.888	0.931	0.923	0.777	0.963	0.948	0.954	0.975	0.909	0.958	0.967	1.001	0.954	0.977	0.94	1.067	0.921	1.123	0.996	1.086	0.894	1.015	0.983	1.071	0.93
Pop006	0.959	0.945	0.937	0.871	0.877	0	0.938	0.882	0.97	0.954	0.986	0.968	0.872	1.013	1.006	1.003	1.026	0.957	1.004	1.026	1.04	1.005	1.03	0.995	1.11	0.974	1.156	1.044	1.13	0.949	1.061	1.03	1.116	0.986
Pop007	0.945	0.949	0.948	0.876	0.892	0.938	0	0.893	0.962	0.934	0.964	0.961	0.871	1.031	1.006	1.011	1.038	0.977	1.01	1.013	1.051	1.027	1.032	0.995	1.122	0.973	1.166	1.052	1.125	0.945	1.066	1.028	1.102	0.986
Pop008	0.919	0.916	0.92	0.798	0.808	0.882	0.893	0	0.934	0.896	0.93	0.925	0.794	0.967	0.956	0.937	0.98	0.917	0.959	0.97	1.007	0.966	0.975	0.961	1.08	0.935	1.139	1.01	1.102	0.91	1.024	0.982	1.074	0.951
Pop009	0.965	0.973	0.961	0.912	0.939	0.97	0.962	0.934	0	0.953	0.986	0.968	0.908	1.059	1.03	1.031	1.054	1.001	1.051	1.038	1.06	1.034	1.058	1.014	1.125	0.99	1.177	1.064	1.135	0.976	1.071	1.04	1.12	1.011
Pop010	0.942	0.958	0.956	0.872	0.888	0.954	0.934	0.896	0.953	0	0.947	0.97	0.865	1.013	1.004	1.006	1.037	0.971	1.011	1.019	1.044	1.008	1.032	0.997	1.104	0.977	1.163	1.055	1.132	0.952	1.062	1.022	1.108	0.987
Pop011	0.964	0.982	0.976	0.909	0.931	0.986	0.964	0.93	0.986	0.947	0	0.978	0.908	1.043	1.024	1.049	1.036	1.012	1.036	1.031	1.077	1.034	1.06	1.029	1.154	1.011	1.204	1.082	1.172	0.996	1.101	1.057	1.147	1.021
Pop012	0.969	0.966	0.948	0.901	0.923	0.968	0.961	0.925	0.968	0.97	0.978	0	0.901	1.04	1.024	1.029	1.044	0.991	1.027	1.025	1.048	1.03	1.056	1.026	1.146	0.993	1.195	1.079	1.157	0.978	1.093	1.047	1.146	1.014
Pop013	0.895	0.897	0.904	0.765	0.777	0.872	0.871	0.794	0.908	0.865	0.908	0.901	0	0.936	0.916	0.917	0.946	0.881	0.92	0.931	0.96	0.926	0.94	0.895	1.027	0.88	1.095	0.961	1.045	0.858	0.975	0.936	1.032	0.89
Pop014	1.035	1.032	1.055	0.93	0.963	1.013	1.031	0.967	1.059	1.013	1.043	1.04	0.936	0	0.961	1.001	0.984	0.97	0.99	0.998	1.013	1.009	1.008	1.017	1.133	0.997	1.177	1.061	1.151	0.983	1.079	1.058	1.141	1.01
Pop015	1.017	1.013	1.035	0.91	0.948	1.006	1.006	0.956	1.03	1.004	1.024	1.024	0.916	0.961	0	1.004	0.922	0.934	0.974	0.955	0.988	0.955	0.994	0.992	1.13	0.982	1.176	1.052	1.147	0.964	1.068	1.043	1.123	0.994
Pop016	1.016	1.035	1.024	0.914	0.954	1.003	1.011	0.937	1.031	1.006	1.049	1.029	0.917	1.001	1.004	0	1.016	0.936	0.962	1.002	1.007	1.011	0.919	1.013	1.127	0.996	1.172	1.066	1.146	0.976	1.076	1.05	1.13	1.01
Pop017	1.037	1.059	1.065	0.931	0.975	1.026	1.038	0.98	1.054	1.037	1.036	1.044	0.946	0.984	0.922	1.016	0	0.957	1.001	0.973	1.014	0.957	1.006	1.023	1.149	1.006	1.203	1.071	1.165	0.995	1.088	1.055	1.146	1.022
Pop018	0.992	0.98	1.007	0.874	0.909	0.957	0.977	0.917	1.001	0.971	1.012	0.991	0.881	0.97	0.934	0.936	0.957	0	0.948	0.962	0.966	0.97	0.959	0.981	1.106	0.97	1.158	1.041	1.131	0.944	1.05	1.021	1.106	0.977
Pop019	1.019	1.027	1.036	0.916	0.958	1.004	1.01	0.959	1.051	1.011	1.036	1.027	0.92	0.99	0.974	0.962	1.001	0.948	0	0.983	0.976	1.007	0.97	1.025	1.146	1.009	1.192	1.072	1.161	0.985	1.088	1.057	1.14	1.018
Pop020	1.018	1.032	1.038	0.923	0.967	1.026	1.013	0.97	1.038	1.019	1.031	1.025	0.931	0.998	0.955	1.002	0.973	0.962	0.983	0	1.014	0.989	1.017	1.018	1.14	1.004	1.198	1.078	1.163	0.993	1.088	1.064	1.143	1.018
Pop021	1.059	1.053	1.07	0.953	1.001	1.04	1.051	1.007	1.06	1.044	1.077	1.048	0.96	1.013	0.988	1.007	1.014	0.966	0.976	1.014	0	1.019	1.012	1.042	1.159	1.022	1.205	1.099	1.175	1.009	1.104	1.084	1.146	1.034
Pop022	1.028	1.04	1.036	0.93	0.954	1.005	1.027	0.966	1.034	1.008	1.034	1.03	0.926	1.009	0.955	1.011	0.957	0.97	1.007	0.989	1.019	0	1.021	1.01	1.124	0.993	1.177	1.057	1.145	0.98	1.078	1.041	1.123	0.998
Pop023	1.034	1.067	1.069	0.941	0.977	1.03	1.032	0.975	1.058	1.032	1.06	1.056	0.94	1.008	0.994	0.919	1.006	0.959	0.97	1.017	1.012	1.021	0	1.031	1.154	1.021	1.197	1.088	1.164	0.995	1.1	1.069	1.152	1.028
Pop024	1.011	1.027	1.034	0.906	0.94	0.995	0.995	0.961	1.014	0.997	1.029	1.026	0.895	1.017	0.992	1.013	1.023	0.981	1.025	1.018	1.042	1.01	1.031	0	0.977	0.831	1.009	0.917	1.018	0.816	0.912	0.928	1.001	0.804
Pop025	1.128	1.149	1.152	1.045	1.067	1.11	1.122	1.08	1.125	1.104	1.154	1.146	1.027	1.133	1.13	1.127	1.149	1.106	1.146	1.14	1.159	1.124	1.154	0.977	0	0.979	0.984	0.982	0.97	0.971	0.978	0.989	0.976	0.963
Pop026	0.99	1.001	1.005	0.895	0.921	0.974	0.973	0.935	0.99	0.977	1.011	0.993	0.88	0.997	0.982	0.996	1.006	0.97	1.009	1.004	1.022	0.993	1.021	0.831	0.979	0	1.022	0.929	1.007	0.799	0.897	0.909	1.006	0.828
Pop027	1.185	1.194	1.199	1.103	1.123	1.156	1.166	1.139	1.177	1.163	1.204	1.195	1.095	1.177	1.176	1.172	1.203	1.158	1.192	1.198	1.205	1.177	1.197	1.009	0.984	1.022	0	1.033	1.03	1.005	1.012	1.016	1.018	0.984
Pop028	1.071	1.078	1.087	0.97	0.996	1.044	1.052	1.01	1.064	1.055	1.082	1.079	0.961	1.061	1.052	1.066	1.071	1.041	1.072	1.078	1.099	1.057	1.088	0.917	0.982	0.929	1.033	0	0.986	0.93	0.961	0.968	1.003	0.924
Pop029	1.138	1.165	1.166	1.048	1.086	1.13	1.125	1.102	1.135	1.132	1.172	1.157	1.045	1.151	1.147	1.146	1.165	1.131	1.161	1.163	1.175	1.145	1.164	1.018	0.97	1.007	1.03	0.986	0	1.004	1.016	0.982	0.956	1.005
Pop030	0.981	0.981	0.988	0.871	0.894	0.949	0.945	0.91	0.976	0.952	0.996	0.978	0.858	0.983	0.964	0.976	0.995	0.944	0.985	0.993	1.009	0.98	0.995	0.816	0.971	0.799	1.005	0.93	1.004	0	0.89	0.924	0.992	0.797
Pop031	1.08	1.091	1.099	0.991	1.015	1.061	1.066	1.024	1.071	1.062	1.101	1.093	0.975	1.079	1.068	1.076	1.088	1.05	1.088	1.088	1.104	1.078	1.1	0.912	0.978	0.897	1.012	0.961	1.016	0.89	0	0.959	1.031	0.892
Pop032	1.037	1.058	1.061	0.942	0.983	1.03	1.028	0.982	1.04	1.022	1.057	1.047	0.936	1.058	1.043	1.05	1.055	1.021	1.057	1.064	1.084	1.041	1.069	0.928	0.989	0.909	1.016	0.968	0.982	0.924	0.959	0	0.98	0.927
Pop033	1.133	1.135	1.142	1.031	1.071	1.116	1.102	1.074	1.12	1.108	1.147	1.146	1.032	1.141	1.123	1.13	1.146	1.106	1.14	1.143	1.146	1.123	1.152	1.001	0.976	1.006	1.018	1.003	0.956	0.992	1.031	0.98	0	0.989
Pop034	1.01	1.015	1.026	0.908	0.93	0.986	0.986	0.951	1.011	0.987	1.021	1.014	0.89	1.01	0.994	1.01	1.022	0.977	1.018	1.018	1.034	0.998	1.028	0.804	0.963	0.828	0.984	0.924	1.005	0.797	0.892	0.927	0.989	0