	Pop001	Pop002	Pop003	Pop004	Pop005	Pop006	Pop007	Pop008	Pop009	Pop010	Pop011	Pop012	Pop013	Pop014	Pop015	Pop016	Pop017	Pop018	Pop019	Pop020	Pop021	Pop022	Pop023	Pop024	Pop025	Pop026	Pop027	Pop028	Pop029	Pop030	Pop031	Pop032	Pop033	Pop034	Pop035	Pop036	Pop037	Pop038	Pop039	Pop040	Pop041	Pop042	Pop043	Pop044	Pop045	Pop046	Pop047	Pop048	Pop049	Pop050	Pop051	Pop052	Pop053	Pop054	Pop055	Pop056	Pop057	Pop058	Pop059	Pop060	Pop061	Pop062	Pop063	Pop064
Pop001	0	0.951	1.113	1.076	1.06	1.05	1.041	1.046	0.967	0.895	0.897	0.921	0.963	0.882	0.899	0.887	0.884	1.095	0.898	0.883	0.903	1.076	1.128	1.144	1.137	0.904	1.05	1.148	1.142	1.144	1.117	1.131	1.131	1.134	1.114	1.145	1.113	1.12	1.131	1.13	0.991	1.126	1.097	1.008	1.105	1.074	1.051	1.092	1.097	1.109	1.078	1.073	1.202	1.17	1.037	1.135	1.144	1.199	1.19	1.149	0.897	1.107	1.09	1.078
Pop002	0.951	0	0.955	0.961	0.91	0.915	0.958	0.944	0.685	0.539	0.545	0.58	0.712	0.508	0.532	0.526	0.518	0.988	0.546	0.531	0.554	0.941	0.912	0.949	0.945	0.561	0.83	0.948	0.957	0.973	0.924	0.956	0.948	0.96	0.929	0.936	0.946	0.963	0.957	0.943	0.744	0.964	0.927	0.795	0.939	0.948	0.955	0.957	0.956	0.968	0.951	0.909	1.011	0.985	0.795	0.926	0.95	1.013	1.009	0.965	0.548	0.884	0.879	0.854
Pop003	1.113	0.955	0	1.101	1.039	1.065	1.106	1.123	0.968	0.897	0.899	0.924	0.976	0.885	0.902	0.893	0.888	1.153	0.9	0.896	0.903	1.079	1.124	1.121	1.098	0.908	1.036	1.132	1.156	1.165	1.098	1.133	1.141	1.164	1.124	1.12	1.127	1.136	1.124	1.118	0.985	1.095	1.065	1.004	1.067	1.074	1.074	1.095	1.078	1.105	1.086	1.068	1.188	1.169	1.049	1.137	1.137	1.185	1.194	1.161	0.903	1.089	1.097	1.086
Pop004	1.076	0.961	1.101	0	1.06	1.054	1.099	1.093	0.982	0.907	0.911	0.933	0.972	0.896	0.912	0.902	0.898	1.087	0.912	0.907	0.914	1.095	1.131	1.136	1.124	0.918	1.05	1.141	1.14	1.159	1.114	1.148	1.129	1.126	1.131	1.133	1.123	1.139	1.143	1.134	1.013	1.112	1.093	1.031	1.103	1.087	1.107	1.092	1.111	1.103	1.083	1.085	1.203	1.177	1.054	1.15	1.15	1.205	1.203	1.166	0.913	1.109	1.098	1.099
Pop005	1.06	0.91	1.039	1.06	0	1.063	1.053	1.073	0.937	0.862	0.861	0.881	0.935	0.845	0.864	0.852	0.847	1.108	0.864	0.855	0.868	1.056	1.129	1.108	1.099	0.871	1.009	1.13	1.129	1.149	1.094	1.14	1.12	1.133	1.098	1.107	1.1	1.144	1.138	1.102	0.946	1.077	1.048	0.972	1.052	1.05	1.041	1.048	1.052	1.06	1.058	1.055	1.187	1.159	1.029	1.117	1.129	1.191	1.184	1.143	0.857	1.079	1.08	1.076
Pop006	1.05	0.915	1.065	1.054	1.063	0	1.071	1.037	0.933	0.852	0.854	0.878	0.937	0.837	0.857	0.844	0.84	1.114	0.856	0.848	0.86	1.033	1.079	1.096	1.106	0.862	1.023	1.093	1.11	1.119	1.073	1.121	1.086	1.13	1.102	1.093	1.094	1.104	1.095	1.099	0.978	1.085	1.048	0.995	1.064	1.077	1.056	1.075	1.065	1.095	1.066	1.07	1.164	1.139	1.012	1.098	1.109	1.161	1.156	1.128	0.856	1.067	1.052	1.049
Pop007	1.041	0.958	1.106	1.099	1.053	1.071	0	1.053	0.974	0.902	0.902	0.928	0.981	0.888	0.907	0.895	0.89	1.093	0.903	0.893	0.905	1.066	1.135	1.12	1.14	0.906	1.06	1.156	1.152	1.151	1.116	1.14	1.13	1.136	1.114	1.148	1.113	1.14	1.126	1.126	1	1.117	1.104	1.021	1.118	1.081	1.052	1.111	1.087	1.116	1.095	1.095	1.197	1.175	1.048	1.142	1.14	1.205	1.192	1.153	0.9	1.108	1.095	1.083
Pop008	1.046	0.944	1.123	1.093	1.073	1.037	1.053	0	0.962	0.886	0.887	0.909	0.955	0.871	0.888	0.878	0.875	1.096	0.883	0.881	0.886	1.052	1.108	1.113	1.127	0.896	1.047	1.121	1.127	1.127	1.106	1.129	1.111	1.119	1.109	1.133	1.103	1.118	1.129	1.117	0.984	1.121	1.097	0.987	1.106	1.073	1.088	1.109	1.063	1.109	1.089	1.087	1.181	1.157	1.04	1.113	1.129	1.189	1.175	1.147	0.889	1.087	1.069	1.081
Pop009	0.967	0.685	0.968	0.982	0.937	0.933	0.974	0.962	0	0.572	0.581	0.517	0.745	0.547	0.585	0.559	0.555	1.002	0.572	0.559	0.584	0.958	0.943	0.958	0.947	0.598	0.84	0.965	0.977	0.991	0.927	0.972	0.948	0.977	0.943	0.954	0.954	0.969	0.974	0.953	0.79	0.988	0.945	0.805	0.961	0.962	0.964	0.975	0.973	0.989	0.967	0.923	1.018	0.983	0.82	0.942	0.951	0.999	1.019	0.976	0.577	0.891	0.89	0.878
Pop010	0.895	0.539	0.897	0.907	0.862	0.852	0.902	0.886	0.572	0	0.377	0.451	0.605	0.305	0.357	0.333	0.293	0.937	0.353	0.329	0.342	0.889	0.852	0.885	0.864	0.396	0.741	0.892	0.901	0.921	0.861	0.901	0.872	0.906	0.869	0.879	0.869	0.905	0.906	0.879	0.672	0.92	0.872	0.693	0.877	0.885	0.887	0.908	0.894	0.924	0.892	0.844	0.965	0.915	0.703	0.872	0.873	0.955	0.959	0.901	0.37	0.801	0.792	0.781
Pop011	0.897	0.545	0.899	0.911	0.861	0.854	0.902	0.887	0.581	0.377	0	0.439	0.608	0.287	0.362	0.333	0.309	0.932	0.342	0.334	0.39	0.893	0.86	0.888	0.87	0.381	0.742	0.902	0.9	0.92	0.858	0.894	0.879	0.909	0.867	0.887	0.868	0.911	0.909	0.878	0.663	0.915	0.873	0.696	0.881	0.884	0.887	0.904	0.901	0.926	0.896	0.845	0.958	0.912	0.716	0.874	0.88	0.95	0.955	0.907	0.347	0.802	0.798	0.782
Pop012	0.921	0.58	0.924	0.933	0.881	0.878	0.928	0.909	0.517	0.451	0.439	0	0.654	0.398	0.448	0.373	0.407	0.958	0.451	0.431	0.436	0.91	0.89	0.906	0.898	0.446	0.773	0.917	0.932	0.945	0.878	0.926	0.899	0.934	0.893	0.91	0.896	0.924	0.931	0.903	0.707	0.931	0.895	0.742	0.913	0.914	0.917	0.932	0.922	0.947	0.921	0.866	0.976	0.927	0.739	0.89	0.906	0.957	0.975	0.926	0.416	0.828	0.82	0.811
Pop013	0.963	0.712	0.976	0.972	0.935	0.937	0.981	0.955	0.745	0.605	0.608	0.654	0	0.579	0.612	0.592	0.584	1.007	0.606	0.598	0.613	0.962	0.972	0.958	0.967	0.625	0.866	0.999	0.985	1.008	0.952	0.992	0.973	0.99	0.952	0.987	0.962	0.994	0.993	0.97	0.78	0.993	0.958	0.825	0.984	0.961	0.952	0.984	0.959	1.007	0.971	0.941	1.04	1.003	0.837	0.965	0.974	1.044	1.034	0.994	0.608	0.917	0.897	0.898
Pop014	0.882	0.508	0.885	0.896	0.845	0.837	0.888	0.871	0.547	0.305	0.287	0.398	0.579	0	0.296	0.266	0.252	0.929	0.306	0.265	0.297	0.876	0.848	0.871	0.855	0.327	0.722	0.887	0.888	0.907	0.843	0.887	0.863	0.897	0.851	0.874	0.859	0.893	0.892	0.864	0.641	0.898	0.854	0.673	0.868	0.869	0.872	0.889	0.878	0.911	0.881	0.828	0.948	0.9	0.688	0.853	0.862	0.938	0.944	0.892	0.305	0.783	0.774	0.76
Pop015	0.899	0.532	0.902	0.912	0.864	0.857	0.907	0.888	0.585	0.357	0.362	0.448	0.612	0.296	0	0.335	0.325	0.944	0.358	0.356	0.366	0.889	0.864	0.885	0.87	0.406	0.746	0.901	0.9	0.924	0.859	0.896	0.884	0.907	0.87	0.888	0.878	0.906	0.909	0.879	0.679	0.909	0.87	0.7	0.887	0.889	0.89	0.912	0.897	0.921	0.896	0.846	0.959	0.911	0.706	0.87	0.874	0.954	0.955	0.906	0.382	0.799	0.798	0.769
Pop016	0.887	0.526	0.893	0.902	0.852	0.844	0.895	0.878	0.559	0.333	0.333	0.373	0.592	0.266	0.335	0	0.25	0.931	0.331	0.318	0.327	0.882	0.851	0.879	0.86	0.343	0.729	0.895	0.896	0.914	0.851	0.884	0.868	0.897	0.855	0.878	0.862	0.897	0.903	0.869	0.657	0.91	0.863	0.689	0.879	0.88	0.881	0.902	0.89	0.916	0.888	0.832	0.954	0.905	0.692	0.859	0.866	0.941	0.952	0.898	0.304	0.792	0.78	0.772
Pop017	0.884	0.518	0.888	0.898	0.847	0.84	0.89	0.875	0.555	0.293	0.309	0.407	0.584	0.252	0.325	0.25	0	0.93	0.311	0.298	0.335	0.879	0.848	0.874	0.853	0.349	0.725	0.888	0.888	0.907	0.845	0.884	0.863	0.889	0.857	0.87	0.857	0.896	0.897	0.864	0.631	0.909	0.861	0.68	0.873	0.872	0.878	0.895	0.887	0.914	0.884	0.832	0.951	0.903	0.691	0.858	0.865	0.941	0.947	0.894	0.308	0.786	0.778	0.766
Pop018	1.095	0.988	1.153	1.087	1.108	1.114	1.093	1.096	1.002	0.937	0.932	0.958	1.007	0.929	0.944	0.931	0.93	0	0.938	0.933	0.941	1.128	1.123	1.151	1.146	0.943	1.08	1.168	1.157	1.18	1.159	1.16	1.14	1.139	1.123	1.163	1.12	1.151	1.152	1.129	1.027	1.164	1.141	1.058	1.13	1.088	1.139	1.111	1.129	1.116	1.119	1.083	1.209	1.167	1.072	1.147	1.151	1.21	1.19	1.18	0.935	1.123	1.105	1.105
Pop019	0.898	0.546	0.9	0.912	0.864	0.856	0.903	0.883	0.572	0.353	0.342	0.451	0.606	0.306	0.358	0.331	0.311	0.938	0	0.328	0.343	0.894	0.862	0.893	0.874	0.403	0.739	0.902	0.902	0.921	0.86	0.89	0.882	0.901	0.86	0.889	0.863	0.909	0.91	0.878	0.666	0.919	0.873	0.693	0.885	0.886	0.891	0.908	0.897	0.919	0.895	0.844	0.956	0.911	0.713	0.872	0.873	0.952	0.958	0.904	0.371	0.804	0.796	0.787
Pop020	0.883	0.531	0.896	0.907	0.855	0.848	0.893	0.881	0.559	0.329	0.334	0.431	0.598	0.265	0.356	0.318	0.298	0.933	0.328	0	0.37	0.876	0.859	0.887	0.865	0.37	0.734	0.896	0.898	0.917	0.856	0.884	0.876	0.903	0.857	0.884	0.872	0.903	0.905	0.874	0.656	0.919	0.867	0.685	0.879	0.878	0.884	0.903	0.896	0.92	0.892	0.84	0.955	0.914	0.704	0.864	0.873	0.946	0.955	0.902	0.355	0.794	0.788	0.776
Pop021	0.903	0.554	0.903	0.914	0.868	0.86	0.905	0.886	0.584	0.342	0.39	0.436	0.613	0.297	0.366	0.327	0.335	0.941	0.343	0.37	0	0.897	0.867	0.893	0.877	0.394	0.749	0.9	0.905	0.925	0.864	0.902	0.883	0.911	0.877	0.892	0.875	0.912	0.906	0.886	0.677	0.914	0.872	0.701	0.885	0.891	0.894	0.912	0.893	0.924	0.898	0.848	0.961	0.912	0.712	0.876	0.873	0.953	0.961	0.905	0.387	0.798	0.796	0.782
Pop022	1.076	0.941	1.079	1.095	1.056	1.033	1.066	1.052	0.958	0.889	0.893	0.91	0.962	0.876	0.889	0.882	0.879	1.128	0.894	0.876	0.897	0	1.131	1.122	1.12	0.903	1.06	1.125	1.135	1.142	1.091	1.136	1.121	1.146	1.124	1.117	1.113	1.129	1.132	1.12	0.99	1.092	1.057	0.993	1.105	1.085	1.066	1.099	1.09	1.13	1.087	1.094	1.194	1.161	1.061	1.139	1.13	1.192	1.197	1.159	0.894	1.102	1.096	1.079
Pop023	1.128	0.912	1.124	1.131	1.129	1.079	1.135	1.108	0.943	0.852	0.86	0.89	0.972	0.848	0.864	0.851	0.848	1.123	0.862	0.859	0.867	1.131	0	1.06	1.011	0.873	1.012	1.035	1.09	1.094	1.034	1.093	1.015	1.072	1.042	1.025	1.037	1.03	1.017	1.03	0.989	1.158	1.104	1.021	1.104	1.135	1.121	1.15	1.116	1.133	1.124	1.077	1.211	1.159	1.028	1.123	1.137	1.195	1.196	1.164	0.864	1.091	1.078	1.077
Pop024	1.144	0.949	1.121	1.136	1.108	1.096	1.12	1.113	0.958	0.885	0.888	0.906	0.958	0.871	0.885	0.879	0.874	1.151	0.893	0.887	0.893	1.122	1.06	0	1.082	0.895	1.029	1.077	1.076	1.111	1.031	1.109	1.078	1.109	1.079	1.075	1.095	1.057	1.09	1.086	0.993	1.153	1.094	0.995	1.146	1.128	1.131	1.143	1.113	1.15	1.141	1.101	1.176	1.139	1.033	1.108	1.119	1.174	1.17	1.132	0.887	1.077	1.075	1.053
Pop025	1.137	0.945	1.098	1.124	1.099	1.106	1.14	1.127	0.947	0.864	0.87	0.898	0.967	0.855	0.87	0.86	0.853	1.146	0.874	0.865	0.877	1.12	1.011	1.082	0	0.882	0.99	1.079	1.089	1.12	1.063	1.094	1	1.08	1.036	1.06	1.037	1.091	1.077	1.025	0.995	1.124	1.087	1.012	1.092	1.131	1.112	1.137	1.124	1.101	1.132	1.072	1.193	1.16	1.024	1.128	1.135	1.189	1.193	1.159	0.874	1.095	1.079	1.075
Pop026	0.904	0.561	0.908	0.918	0.871	0.862	0.906	0.896	0.598	0.396	0.381	0.446	0.625	0.327	0.406	0.343	0.349	0.943	0.403	0.37	0.394	0.903	0.873	0.895	0.882	0	0.754	0.911	0.908	0.927	0.868	0.906	0.884	0.919	0.879	0.898	0.882	0.916	0.917	0.888	0.674	0.928	0.883	0.715	0.892	0.892	0.9	0.913	0.909	0.934	0.906	0.852	0.965	0.924	0.723	0.875	0.887	0.956	0.965	0.916	0.291	0.813	0.804	0.791
Pop027	1.05	0.83	1.036	1.05	1.009	1.023	1.06	1.047	0.84	0.741	0.742	0.773	0.866	0.722	0.746	0.729	0.725	1.08	0.739	0.734	0.749	1.06	1.012	1.029	0.99	0.754	0	1.018	1.031	1.043	1.016	1.006	1.001	1.016	0.973	1.022	1.01	1.017	1.028	1.01	0.888	1.062	1.034	0.914	1.037	1.037	1.053	1.043	1.042	1.061	1.055	1.023	1.109	1.08	0.911	1.04	1.042	1.11	1.1	1.063	0.746	0.997	0.989	0.981
Pop028	1.148	0.948	1.132	1.141	1.13	1.093	1.156	1.121	0.965	0.892	0.902	0.917	0.999	0.887	0.901	0.895	0.888	1.168	0.902	0.896	0.9	1.125	1.035	1.077	1.079	0.911	1.018	0	1.095	1.102	1.038	1.088	1.053	1.084	1.088	1.041	1.1	1.063	1.069	1.086	1.005	1.14	1.119	1.02	1.119	1.148	1.153	1.139	1.151	1.156	1.133	1.111	1.207	1.182	1.041	1.149	1.143	1.204	1.206	1.165	0.906	1.113	1.105	1.088
Pop029	1.142	0.957	1.156	1.14	1.129	1.11	1.152	1.127	0.977	0.901	0.9	0.932	0.985	0.888	0.9	0.896	0.888	1.157	0.902	0.898	0.905	1.135	1.09	1.076	1.089	0.908	1.031	1.095	0	1.02	1.104	1.043	1.111	1.123	1.127	1.112	1.12	1.084	1.108	1.115	1.009	1.144	1.121	1.02	1.133	1.156	1.147	1.163	1.156	1.148	1.152	1.105	1.153	1.122	1.021	1.11	1.116	1.144	1.15	1.117	0.904	1.07	1.087	1.061
Pop030	1.144	0.973	1.165	1.159	1.149	1.119	1.151	1.127	0.991	0.921	0.92	0.945	1.008	0.907	0.924	0.914	0.907	1.18	0.921	0.917	0.925	1.142	1.094	1.111	1.12	0.927	1.043	1.102	1.02	0	1.095	1.06	1.103	1.112	1.106	1.122	1.119	1.093	1.121	1.128	1.036	1.15	1.139	1.039	1.146	1.17	1.148	1.193	1.159	1.186	1.149	1.125	1.179	1.159	1.036	1.107	1.126	1.172	1.164	1.135	0.918	1.074	1.082	1.076
Pop031	1.117	0.924	1.098	1.114	1.094	1.073	1.116	1.106	0.927	0.861	0.858	0.878	0.952	0.843	0.859	0.851	0.845	1.159	0.86	0.856	0.864	1.091	1.034	1.031	1.063	0.868	1.016	1.038	1.104	1.095	0	1.075	1.058	1.104	1.07	1.046	1.094	1.042	1.063	1.072	0.982	1.125	1.073	0.999	1.102	1.12	1.091	1.118	1.121	1.137	1.109	1.081	1.161	1.129	1.013	1.094	1.1	1.145	1.156	1.116	0.857	1.072	1.058	1.043
Pop032	1.131	0.956	1.133	1.148	1.14	1.121	1.14	1.129	0.972	0.901	0.894	0.926	0.992	0.887	0.896	0.884	0.884	1.16	0.89	0.884	0.902	1.136	1.093	1.109	1.094	0.906	1.006	1.088	1.043	1.06	1.075	0	1.099	1.098	1.092	1.093	1.101	1.083	1.116	1.107	1.003	1.152	1.116	1.03	1.135	1.141	1.139	1.163	1.147	1.159	1.124	1.11	1.132	1.145	1.034	1.114	1.115	1.151	1.149	1.127	0.9	1.082	1.076	1.067
Pop033	1.131	0.948	1.141	1.129	1.12	1.086	1.13	1.111	0.948	0.872	0.879	0.899	0.973	0.863	0.884	0.868	0.863	1.14	0.882	0.876	0.883	1.121	1.015	1.078	1	0.884	1.001	1.053	1.111	1.103	1.058	1.099	0	1.052	1.023	1.075	1.003	1.068	1.076	1.017	0.999	1.158	1.105	1.011	1.11	1.147	1.131	1.142	1.131	1.14	1.128	1.106	1.224	1.174	1.052	1.138	1.15	1.203	1.211	1.168	0.878	1.103	1.096	1.092
Pop034	1.134	0.96	1.164	1.126	1.133	1.13	1.136	1.119	0.977	0.906	0.909	0.934	0.99	0.897	0.907	0.897	0.889	1.139	0.901	0.903	0.911	1.146	1.072	1.109	1.08	0.919	1.016	1.084	1.123	1.112	1.104	1.098	1.052	0	1.061	1.091	1.064	1.082	1.096	1.074	1.005	1.171	1.136	1.028	1.136	1.139	1.16	1.127	1.131	1.146	1.115	1.104	1.215	1.174	1.044	1.141	1.137	1.211	1.204	1.163	0.906	1.113	1.1	1.097
Pop035	1.114	0.929	1.124	1.131	1.098	1.102	1.114	1.109	0.943	0.869	0.867	0.893	0.952	0.851	0.87	0.855	0.857	1.123	0.86	0.857	0.877	1.124	1.042	1.079	1.036	0.879	0.973	1.088	1.127	1.106	1.07	1.092	1.023	1.061	0	1.061	1.023	1.077	1.094	1.021	1.004	1.162	1.102	1.006	1.114	1.122	1.114	1.149	1.121	1.145	1.117	1.099	1.177	1.149	1.015	1.127	1.124	1.165	1.18	1.135	0.869	1.083	1.078	1.073
Pop036	1.145	0.936	1.12	1.133	1.107	1.093	1.148	1.133	0.954	0.879	0.887	0.91	0.987	0.874	0.888	0.878	0.87	1.163	0.889	0.884	0.892	1.117	1.025	1.075	1.06	0.898	1.022	1.041	1.112	1.122	1.046	1.093	1.075	1.091	1.061	0	1.075	1.08	1.072	1.063	0.992	1.128	1.1	1.011	1.11	1.141	1.132	1.133	1.128	1.141	1.11	1.096	1.19	1.164	1.026	1.121	1.129	1.185	1.179	1.154	0.886	1.089	1.076	1.073
Pop037	1.113	0.946	1.127	1.123	1.1	1.094	1.113	1.103	0.954	0.869	0.868	0.896	0.962	0.859	0.878	0.862	0.857	1.12	0.863	0.872	0.875	1.113	1.037	1.095	1.037	0.882	1.01	1.1	1.12	1.119	1.094	1.101	1.003	1.064	1.023	1.075	0	1.084	1.091	0.983	0.991	1.153	1.109	1.008	1.113	1.117	1.117	1.144	1.128	1.108	1.132	1.098	1.197	1.158	1.045	1.127	1.134	1.195	1.186	1.143	0.875	1.089	1.078	1.078
Pop038	1.12	0.963	1.136	1.139	1.144	1.104	1.14	1.118	0.969	0.905	0.911	0.924	0.994	0.893	0.906	0.897	0.896	1.151	0.909	0.903	0.912	1.129	1.03	1.057	1.091	0.916	1.017	1.063	1.084	1.093	1.042	1.083	1.068	1.082	1.077	1.08	1.084	0	1.074	1.09	1.012	1.176	1.117	1.033	1.153	1.152	1.15	1.164	1.146	1.162	1.143	1.098	1.211	1.173	1.047	1.14	1.146	1.215	1.195	1.164	0.906	1.113	1.103	1.085
Pop039	1.131	0.957	1.124	1.143	1.138	1.095	1.126	1.129	0.974	0.906	0.909	0.931	0.993	0.892	0.909	0.903	0.897	1.152	0.91	0.905	0.906	1.132	1.017	1.09	1.077	0.917	1.028	1.069	1.108	1.121	1.063	1.116	1.076	1.096	1.094	1.072	1.091	1.074	0	1.084	1.023	1.168	1.119	1.047	1.13	1.139	1.147	1.164	1.129	1.136	1.142	1.115	1.208	1.176	1.05	1.14	1.158	1.191	1.192	1.161	0.911	1.108	1.088	1.097
Pop040	1.13	0.943	1.118	1.134	1.102	1.099	1.126	1.117	0.953	0.879	0.878	0.903	0.97	0.864	0.879	0.869	0.864	1.129	0.878	0.874	0.886	1.12	1.03	1.086	1.025	0.888	1.01	1.086	1.115	1.128	1.072	1.107	1.017	1.074	1.021	1.063	0.983	1.09	1.084	0	1.008	1.156	1.108	1.02	1.121	1.127	1.129	1.14	1.132	1.132	1.133	1.093	1.198	1.16	1.032	1.123	1.128	1.192	1.178	1.156	0.881	1.097	1.081	1.085
Pop041	0.991	0.744	0.985	1.013	0.946	0.978	1	0.984	0.79	0.672	0.663	0.707	0.78	0.641	0.679	0.657	0.631	1.027	0.666	0.656	0.677	0.99	0.989	0.993	0.995	0.674	0.888	1.005	1.009	1.036	0.982	1.003	0.999	1.005	1.004	0.992	0.991	1.012	1.023	1.008	0	1.013	1.001	0.828	0.998	0.977	0.993	0.997	0.982	1.03	0.998	0.965	1.085	1.04	0.896	1.006	1.008	1.069	1.069	1.029	0.666	0.965	0.935	0.934
Pop042	1.126	0.964	1.095	1.112	1.077	1.085	1.117	1.121	0.988	0.92	0.915	0.931	0.993	0.898	0.909	0.91	0.909	1.164	0.919	0.919	0.914	1.092	1.158	1.153	1.124	0.928	1.062	1.14	1.144	1.15	1.125	1.152	1.158	1.171	1.162	1.128	1.153	1.176	1.168	1.156	1.013	0	1.073	1.009	1.034	1.074	1.084	1.065	1.078	1.097	1.074	1.056	1.195	1.164	1.053	1.131	1.134	1.193	1.174	1.16	0.92	1.094	1.094	1.089
Pop043	1.097	0.927	1.065	1.093	1.048	1.048	1.104	1.097	0.945	0.872	0.873	0.895	0.958	0.854	0.87	0.863	0.861	1.141	0.873	0.867	0.872	1.057	1.104	1.094	1.087	0.883	1.034	1.119	1.121	1.139	1.073	1.116	1.105	1.136	1.102	1.1	1.109	1.117	1.119	1.108	1.001	1.073	0	0.999	1.04	1.094	1.093	1.098	1.074	1.097	1.07	1.063	1.16	1.145	1.019	1.099	1.115	1.154	1.151	1.113	0.874	1.059	1.07	1.061
Pop044	1.008	0.795	1.004	1.031	0.972	0.995	1.021	0.987	0.805	0.693	0.696	0.742	0.825	0.673	0.7	0.689	0.68	1.058	0.693	0.685	0.701	0.993	1.021	0.995	1.012	0.715	0.914	1.02	1.02	1.039	0.999	1.03	1.011	1.028	1.006	1.011	1.008	1.033	1.047	1.02	0.828	1.009	0.999	0	0.999	0.983	0.995	1.009	0.99	1.056	1.006	0.983	1.084	1.041	0.91	1.027	1.011	1.083	1.08	1.046	0.7	0.952	0.964	0.951
Pop045	1.105	0.939	1.067	1.103	1.052	1.064	1.118	1.106	0.961	0.877	0.881	0.913	0.984	0.868	0.887	0.879	0.873	1.13	0.885	0.879	0.885	1.105	1.104	1.146	1.092	0.892	1.037	1.119	1.133	1.146	1.102	1.135	1.11	1.136	1.114	1.11	1.113	1.153	1.13	1.121	0.998	1.034	1.04	0.999	0	1.069	1.064	1.074	1.082	1.082	1.065	1.041	1.17	1.145	1.03	1.12	1.119	1.169	1.176	1.146	0.885	1.082	1.07	1.07
Pop046	1.074	0.948	1.074	1.087	1.05	1.077	1.081	1.073	0.962	0.885	0.884	0.914	0.961	0.869	0.889	0.88	0.872	1.088	0.886	0.878	0.891	1.085	1.135	1.128	1.131	0.892	1.037	1.148	1.156	1.17	1.12	1.141	1.147	1.139	1.122	1.141	1.117	1.152	1.139	1.127	0.977	1.074	1.094	0.983	1.069	0	1.04	1.013	1.057	1.088	1.064	1.011	1.189	1.166	1.041	1.137	1.135	1.189	1.191	1.168	0.885	1.097	1.088	1.089
Pop047	1.051	0.955	1.074	1.107	1.041	1.056	1.052	1.088	0.964	0.887	0.887	0.917	0.952	0.872	0.89	0.881	0.878	1.139	0.891	0.884	0.894	1.066	1.121	1.131	1.112	0.9	1.053	1.153	1.147	1.148	1.091	1.139	1.131	1.16	1.114	1.132	1.117	1.15	1.147	1.129	0.993	1.084	1.093	0.995	1.064	1.04	0	1.068	1.084	1.124	1.073	1.054	1.191	1.159	1.043	1.135	1.131	1.18	1.176	1.16	0.891	1.098	1.074	1.081
Pop048	1.092	0.957	1.095	1.092	1.048	1.075	1.111	1.109	0.975	0.908	0.904	0.932	0.984	0.889	0.912	0.902	0.895	1.111	0.908	0.903	0.912	1.099	1.15	1.143	1.137	0.913	1.043	1.139	1.163	1.193	1.118	1.163	1.142	1.127	1.149	1.133	1.144	1.164	1.164	1.14	0.997	1.065	1.098	1.009	1.074	1.013	1.068	0	1.057	1.125	1.077	1.05	1.197	1.16	1.057	1.139	1.144	1.188	1.188	1.165	0.905	1.105	1.088	1.097
Pop049	1.097	0.956	1.078	1.111	1.052	1.065	1.087	1.063	0.973	0.894	0.901	0.922	0.959	0.878	0.897	0.89	0.887	1.129	0.897	0.896	0.893	1.09	1.116	1.113	1.124	0.909	1.042	1.151	1.156	1.159	1.121	1.147	1.131	1.131	1.121	1.128	1.128	1.146	1.129	1.132	0.982	1.078	1.074	0.99	1.082	1.057	1.084	1.057	0	1.12	1.089	1.056	1.22	1.172	1.041	1.134	1.142	1.21	1.179	1.161	0.901	1.094	1.078	1.088
Pop050	1.109	0.968	1.105	1.103	1.06	1.095	1.116	1.109	0.989	0.924	0.926	0.947	1.007	0.911	0.921	0.916	0.914	1.116	0.919	0.92	0.924	1.13	1.133	1.15	1.101	0.934	1.061	1.156	1.148	1.186	1.137	1.159	1.14	1.146	1.145	1.141	1.108	1.162	1.136	1.132	1.03	1.097	1.097	1.056	1.082	1.088	1.124	1.125	1.12	0	1.097	1.088	1.196	1.175	1.06	1.14	1.143	1.2	1.197	1.159	0.927	1.112	1.098	1.099
Pop051	1.078	0.951	1.086	1.083	1.058	1.066	1.095	1.089	0.967	0.892	0.896	0.921	0.971	0.881	0.896	0.888	0.884	1.119	0.895	0.892	0.898	1.087	1.124	1.141	1.132	0.906	1.055	1.133	1.152	1.149	1.109	1.124	1.128	1.115	1.117	1.11	1.132	1.143	1.142	1.133	0.998	1.074	1.07	1.006	1.065	1.064	1.073	1.077	1.089	1.097	0	1.066	1.201	1.159	1.04	1.137	1.134	1.192	1.187	1.158	0.897	1.087	1.083	1.078
Pop052	1.073	0.909	1.068	1.085	1.055	1.07	1.095	1.087	0.923	0.844	0.845	0.866	0.941	0.828	0.846	0.832	0.832	1.083	0.844	0.84	0.848	1.094	1.077	1.101	1.072	0.852	1.023	1.111	1.105	1.125	1.081	1.11	1.106	1.104	1.099	1.096	1.098	1.098	1.115	1.093	0.965	1.056	1.063	0.983	1.041	1.011	1.054	1.05	1.056	1.088	1.066	0	1.153	1.117	0.999	1.073	1.092	1.145	1.138	1.123	0.843	1.047	1.034	1.035
Pop053	1.202	1.011	1.188	1.203	1.187	1.164	1.197	1.181	1.018	0.965	0.958	0.976	1.04	0.948	0.959	0.954	0.951	1.209	0.956	0.955	0.961	1.194	1.211	1.176	1.193	0.965	1.109	1.207	1.153	1.179	1.161	1.132	1.224	1.215	1.177	1.19	1.197	1.211	1.208	1.198	1.085	1.195	1.16	1.084	1.17	1.189	1.191	1.197	1.22	1.196	1.201	1.153	0	0.996	1.043	1.051	1.008	0.886	1.014	1.032	0.96	1.03	1.04	1.047
Pop054	1.17	0.985	1.169	1.177	1.159	1.139	1.175	1.157	0.983	0.915	0.912	0.927	1.003	0.9	0.911	0.905	0.903	1.167	0.911	0.914	0.912	1.161	1.159	1.139	1.16	0.924	1.08	1.182	1.122	1.159	1.129	1.145	1.174	1.174	1.149	1.164	1.158	1.173	1.176	1.16	1.04	1.164	1.145	1.041	1.145	1.166	1.159	1.16	1.172	1.175	1.159	1.117	0.996	0	0.982	1.002	0.991	0.98	1.004	0.995	0.919	0.984	0.962	0.969
Pop055	1.037	0.795	1.049	1.054	1.029	1.012	1.048	1.04	0.82	0.703	0.716	0.739	0.837	0.688	0.706	0.692	0.691	1.072	0.713	0.704	0.712	1.061	1.028	1.033	1.024	0.723	0.911	1.041	1.021	1.036	1.013	1.034	1.052	1.044	1.015	1.026	1.045	1.047	1.05	1.032	0.896	1.053	1.019	0.91	1.03	1.041	1.043	1.057	1.041	1.06	1.04	0.999	1.043	0.982	0	0.944	0.967	1.024	1	0.959	0.712	0.871	0.891	0.846
Pop056	1.135	0.926	1.137	1.15	1.117	1.098	1.142	1.113	0.942	0.872	0.874	0.89	0.965	0.853	0.87	0.859	0.858	1.147	0.872	0.864	0.876	1.139	1.123	1.108	1.128	0.875	1.04	1.149	1.11	1.107	1.094	1.114	1.138	1.141	1.127	1.121	1.127	1.14	1.14	1.123	1.006	1.131	1.099	1.027	1.12	1.137	1.135	1.139	1.134	1.14	1.137	1.073	1.051	1.002	0.944	0	1.01	1.023	0.999	1.013	0.872	0.942	0.939	0.951
Pop057	1.144	0.95	1.137	1.15	1.129	1.109	1.14	1.129	0.951	0.873	0.88	0.906	0.974	0.862	0.874	0.866	0.865	1.151	0.873	0.873	0.873	1.13	1.137	1.119	1.135	0.887	1.042	1.143	1.116	1.126	1.1	1.115	1.15	1.137	1.124	1.129	1.134	1.146	1.158	1.128	1.008	1.134	1.115	1.011	1.119	1.135	1.131	1.144	1.142	1.143	1.134	1.092	1.008	0.991	0.967	1.01	0	0.986	1.038	1.02	0.886	0.977	0.991	0.971
Pop058	1.199	1.013	1.185	1.205	1.191	1.161	1.205	1.189	0.999	0.955	0.95	0.957	1.044	0.938	0.954	0.941	0.941	1.21	0.952	0.946	0.953	1.192	1.195	1.174	1.189	0.956	1.11	1.204	1.144	1.172	1.145	1.151	1.203	1.211	1.165	1.185	1.195	1.215	1.191	1.192	1.069	1.193	1.154	1.083	1.169	1.189	1.18	1.188	1.21	1.2	1.192	1.145	0.886	0.98	1.024	1.023	0.986	0	1.009	0.996	0.948	1.007	1.023	1.008
Pop059	1.19	1.009	1.194	1.203	1.184	1.156	1.192	1.175	1.019	0.959	0.955	0.975	1.034	0.944	0.955	0.952	0.947	1.19	0.958	0.955	0.961	1.197	1.196	1.17	1.193	0.965	1.1	1.206	1.15	1.164	1.156	1.149	1.211	1.204	1.18	1.179	1.186	1.195	1.192	1.178	1.069	1.174	1.151	1.08	1.176	1.191	1.176	1.188	1.179	1.197	1.187	1.138	1.014	1.004	1	0.999	1.038	1.009	0	1.035	0.959	1.008	1.025	1.005
Pop060	1.149	0.965	1.161	1.166	1.143	1.128	1.153	1.147	0.976	0.901	0.907	0.926	0.994	0.892	0.906	0.898	0.894	1.18	0.904	0.902	0.905	1.159	1.164	1.132	1.159	0.916	1.063	1.165	1.117	1.135	1.116	1.127	1.168	1.163	1.135	1.154	1.143	1.164	1.161	1.156	1.029	1.16	1.113	1.046	1.146	1.168	1.16	1.165	1.161	1.159	1.158	1.123	1.032	0.995	0.959	1.013	1.02	0.996	1.035	0	0.907	0.951	0.998	0.966
Pop061	0.897	0.548	0.903	0.913	0.857	0.856	0.9	0.889	0.577	0.37	0.347	0.416	0.608	0.305	0.382	0.304	0.308	0.935	0.371	0.355	0.387	0.894	0.864	0.887	0.874	0.291	0.746	0.906	0.904	0.918	0.857	0.9	0.878	0.906	0.869	0.886	0.875	0.906	0.911	0.881	0.666	0.92	0.874	0.7	0.885	0.885	0.891	0.905	0.901	0.927	0.897	0.843	0.96	0.919	0.712	0.872	0.886	0.948	0.959	0.907	0	0.8	0.799	0.787
Pop062	1.107	0.884	1.089	1.109	1.079	1.067	1.108	1.087	0.891	0.801	0.802	0.828	0.917	0.783	0.799	0.792	0.786	1.123	0.804	0.794	0.798	1.102	1.091	1.077	1.095	0.813	0.997	1.113	1.07	1.074	1.072	1.082	1.103	1.113	1.083	1.089	1.089	1.113	1.108	1.097	0.965	1.094	1.059	0.952	1.082	1.097	1.098	1.105	1.094	1.112	1.087	1.047	1.03	0.984	0.871	0.942	0.977	1.007	1.008	0.951	0.8	0	0.904	0.906
Pop063	1.09	0.879	1.097	1.098	1.08	1.052	1.095	1.069	0.89	0.792	0.798	0.82	0.897	0.774	0.798	0.78	0.778	1.105	0.796	0.788	0.796	1.096	1.078	1.075	1.079	0.804	0.989	1.105	1.087	1.082	1.058	1.076	1.096	1.1	1.078	1.076	1.078	1.103	1.088	1.081	0.935	1.094	1.07	0.964	1.07	1.088	1.074	1.088	1.078	1.098	1.083	1.034	1.04	0.962	0.891	0.939	0.991	1.023	1.025	0.998	0.799	0.904	0	0.922
Pop064	1.078	0.854	1.086	1.099	1.076	1.049	1.083	1.081	0.878	0.781	0.782	0.811	0.898	0.76	0.769	0.772	0.766	1.105	0.787	0.776	0.782	1.079	1.077	1.053	1.075	0.791	0.981	1.088	1.061	1.076	1.043	1.067	1.092	1.097	1.073	1.073	1.078	1.085	1.097	1.085	0.934	1.089	1.061	0.951	1.07	1.089	1.081	1.097	1.088	1.099	1.078	1.035	1.047	0.969	0.846	0.951	0.971	1.008	1.005	0.966	0.787	0.906	0.922	0