	Pop001	Pop002	Pop003	Pop004	Pop005	Pop006	Pop007	Pop008	Pop009	Pop010	Pop011	Pop012	Pop013	Pop014	Pop015	Pop016	Pop017	Pop018	Pop019	Pop020	Pop021	Pop022	Pop023	Pop024	Pop025	Pop026	Pop027	Pop028	Pop029	Pop030	Pop031	Pop032	Pop033	Pop034	Pop035	Pop036	Pop037	Pop038	Pop039	Pop040	Pop041	Pop042	Pop043	Pop044	Pop045	Pop046	Pop047	Pop048	Pop049
Pop001	0	0.544	0.798	0.38	0.844	0.501	0.516	0.518	0.384	0.388	0.766	0.779	0.535	0.841	0.549	0.541	0.781	0.844	0.421	0.438	0.527	0.553	0.521	0.524	0.86	0.545	0.537	0.81	0.56	0.859	0.813	0.808	0.793	0.729	0.84	0.575	0.766	0.795	0.804	0.851	0.713	0.808	0.921	0.328	0.333	0.855	0.744	0.859	0.31
Pop002	0.544	0	0.887	0.553	0.897	0.602	0.574	0.632	0.546	0.547	0.86	0.872	0.586	0.905	0.582	0.615	0.878	0.887	0.56	0.588	0.586	0.587	0.585	0.576	0.939	0.595	0.597	0.895	0.608	0.932	0.897	0.89	0.887	0.833	0.913	0.629	0.864	0.889	0.891	0.916	0.808	0.893	0.982	0.492	0.51	0.929	0.856	0.928	0.486
Pop003	0.798	0.887	0	0.798	1.013	0.858	0.881	0.86	0.802	0.801	0.944	0.945	0.902	1.027	0.898	0.89	0.94	1.023	0.818	0.82	0.893	0.899	0.88	0.89	0.98	0.893	0.898	0.995	0.907	1.062	0.977	1.007	1.011	0.963	1.039	0.906	0.977	1.015	1.005	1.033	0.93	1.021	1.099	0.775	0.78	1.053	0.97	1.052	0.769
Pop004	0.38	0.553	0.798	0	0.841	0.485	0.521	0.499	0.346	0.368	0.765	0.775	0.56	0.838	0.552	0.546	0.778	0.847	0.421	0.421	0.532	0.551	0.521	0.532	0.86	0.547	0.555	0.811	0.568	0.853	0.815	0.809	0.794	0.727	0.843	0.572	0.767	0.796	0.808	0.859	0.717	0.804	0.921	0.316	0.31	0.856	0.744	0.856	0.309
Pop005	0.844	0.897	1.013	0.841	0	0.884	0.894	0.901	0.846	0.846	0.982	0.992	0.899	1.032	0.908	0.904	0.993	1.019	0.856	0.863	0.904	0.901	0.896	0.899	1.065	0.899	0.896	1.005	0.891	1.068	1.044	1.057	1.062	1.035	1.07	0.916	1.036	1.063	1.052	1.058	1.002	1.065	1.111	0.822	0.825	1.068	1.047	1.077	0.815
Pop006	0.501	0.602	0.858	0.485	0.884	0	0.547	0.56	0.484	0.467	0.835	0.845	0.577	0.886	0.561	0.583	0.851	0.883	0.514	0.496	0.576	0.596	0.576	0.567	0.913	0.58	0.584	0.864	0.603	0.909	0.876	0.865	0.854	0.801	0.897	0.62	0.834	0.855	0.863	0.892	0.781	0.867	0.954	0.453	0.462	0.911	0.819	0.905	0.439
Pop007	0.516	0.574	0.881	0.521	0.894	0.547	0	0.604	0.53	0.516	0.854	0.869	0.565	0.886	0.56	0.554	0.874	0.893	0.512	0.557	0.563	0.561	0.548	0.554	0.933	0.57	0.535	0.886	0.574	0.93	0.894	0.886	0.88	0.829	0.915	0.586	0.861	0.881	0.884	0.913	0.801	0.891	0.977	0.478	0.49	0.927	0.846	0.927	0.46
Pop008	0.518	0.632	0.86	0.499	0.901	0.56	0.604	0	0.484	0.479	0.834	0.844	0.62	0.902	0.619	0.611	0.848	0.883	0.534	0.483	0.608	0.633	0.617	0.59	0.914	0.631	0.626	0.87	0.641	0.911	0.88	0.87	0.859	0.802	0.901	0.648	0.836	0.862	0.869	0.902	0.784	0.866	0.969	0.475	0.48	0.912	0.824	0.909	0.464
Pop009	0.384	0.546	0.802	0.346	0.846	0.484	0.53	0.484	0	0.368	0.765	0.776	0.545	0.847	0.553	0.556	0.779	0.852	0.423	0.367	0.54	0.566	0.535	0.541	0.863	0.557	0.564	0.807	0.58	0.857	0.815	0.811	0.795	0.73	0.837	0.579	0.764	0.798	0.81	0.855	0.716	0.807	0.923	0.309	0.317	0.858	0.752	0.856	0.321
Pop010	0.388	0.547	0.801	0.368	0.846	0.467	0.516	0.479	0.368	0	0.766	0.779	0.547	0.847	0.545	0.542	0.783	0.847	0.43	0.403	0.535	0.556	0.525	0.531	0.864	0.548	0.551	0.813	0.571	0.862	0.819	0.808	0.796	0.729	0.844	0.571	0.764	0.797	0.809	0.85	0.712	0.808	0.922	0.322	0.342	0.856	0.755	0.857	0.319
Pop011	0.766	0.86	0.944	0.765	0.982	0.835	0.854	0.834	0.765	0.766	0	0.917	0.873	0.98	0.879	0.871	0.902	0.998	0.789	0.792	0.869	0.878	0.853	0.865	0.995	0.873	0.871	0.964	0.886	1.028	0.971	0.991	0.99	0.936	1.039	0.88	0.961	0.996	0.986	1.008	0.912	1.013	1.085	0.732	0.743	1.04	0.951	1.049	0.733
Pop012	0.779	0.872	0.945	0.775	0.992	0.845	0.869	0.844	0.776	0.779	0.917	0	0.889	0.998	0.893	0.883	0.924	0.994	0.805	0.797	0.879	0.893	0.867	0.881	0.968	0.889	0.892	0.973	0.906	1.024	0.977	1.003	0.999	0.947	1.045	0.892	0.969	1.005	1.011	0.999	0.937	1.021	1.093	0.75	0.755	1.033	0.969	1.033	0.747
Pop013	0.535	0.586	0.902	0.56	0.899	0.577	0.565	0.62	0.545	0.547	0.873	0.889	0	0.915	0.509	0.56	0.894	0.906	0.557	0.582	0.57	0.576	0.557	0.558	0.953	0.569	0.566	0.899	0.604	0.942	0.912	0.903	0.903	0.848	0.931	0.606	0.879	0.903	0.9	0.926	0.817	0.912	0.993	0.514	0.518	0.945	0.865	0.945	0.49
Pop014	0.841	0.905	1.027	0.838	1.032	0.886	0.886	0.902	0.847	0.847	0.98	0.998	0.915	0	0.919	0.905	0.983	1.042	0.854	0.867	0.906	0.915	0.9	0.897	1.057	0.91	0.905	0.999	0.914	1.06	1.042	1.05	1.06	0.999	1.082	0.927	1.039	1.054	1.034	1.044	0.99	1.067	1.122	0.821	0.825	1.049	1.026	1.062	0.818
Pop015	0.549	0.582	0.898	0.552	0.908	0.561	0.56	0.619	0.553	0.545	0.879	0.893	0.509	0.919	0	0.557	0.894	0.896	0.554	0.579	0.574	0.559	0.565	0.566	0.953	0.55	0.578	0.904	0.602	0.949	0.916	0.907	0.901	0.852	0.935	0.614	0.884	0.901	0.903	0.924	0.819	0.912	0.989	0.513	0.519	0.947	0.869	0.942	0.498
Pop016	0.541	0.615	0.89	0.546	0.904	0.583	0.554	0.611	0.556	0.542	0.871	0.883	0.56	0.905	0.557	0	0.888	0.901	0.55	0.586	0.584	0.559	0.561	0.555	0.944	0.575	0.563	0.902	0.596	0.942	0.909	0.895	0.895	0.841	0.925	0.611	0.871	0.896	0.897	0.917	0.814	0.903	0.984	0.507	0.518	0.942	0.861	0.944	0.497
Pop017	0.781	0.878	0.94	0.778	0.993	0.851	0.874	0.848	0.779	0.783	0.902	0.924	0.894	0.983	0.894	0.888	0	0.986	0.802	0.805	0.881	0.895	0.871	0.878	0.998	0.889	0.893	0.923	0.9	1.043	0.989	0.999	0.983	0.956	1.063	0.893	0.968	1.008	0.989	1.031	0.934	1.016	1.095	0.759	0.755	1.046	0.976	1.038	0.756
Pop018	0.844	0.887	1.023	0.847	1.019	0.883	0.893	0.883	0.852	0.847	0.998	0.994	0.906	1.042	0.896	0.901	0.986	0	0.857	0.861	0.893	0.905	0.895	0.882	1.083	0.896	0.901	0.987	0.909	1.089	1.06	1.065	1.047	1.025	1.095	0.918	1.039	1.055	1.05	1.06	1.004	1.074	1.126	0.83	0.833	1.065	1.029	1.101	0.824
Pop019	0.421	0.56	0.818	0.421	0.856	0.514	0.512	0.534	0.423	0.43	0.789	0.805	0.557	0.854	0.554	0.55	0.802	0.857	0	0.469	0.53	0.571	0.528	0.535	0.881	0.557	0.542	0.832	0.568	0.876	0.832	0.829	0.819	0.753	0.86	0.575	0.79	0.818	0.827	0.871	0.734	0.826	0.933	0.367	0.377	0.872	0.773	0.875	0.354
Pop020	0.438	0.588	0.82	0.421	0.863	0.496	0.557	0.483	0.367	0.403	0.792	0.797	0.582	0.867	0.579	0.586	0.805	0.861	0.469	0	0.564	0.588	0.571	0.57	0.876	0.578	0.594	0.832	0.604	0.879	0.838	0.832	0.817	0.756	0.865	0.605	0.793	0.823	0.827	0.863	0.731	0.828	0.939	0.386	0.388	0.877	0.78	0.876	0.379
Pop021	0.527	0.586	0.893	0.532	0.904	0.576	0.563	0.608	0.54	0.535	0.869	0.879	0.57	0.906	0.574	0.584	0.881	0.893	0.53	0.564	0	0.557	0.567	0.553	0.939	0.589	0.564	0.896	0.592	0.935	0.907	0.895	0.89	0.837	0.926	0.605	0.868	0.894	0.895	0.92	0.814	0.899	0.988	0.503	0.505	0.938	0.86	0.933	0.488
Pop022	0.553	0.587	0.899	0.551	0.901	0.596	0.561	0.633	0.566	0.556	0.878	0.893	0.576	0.915	0.559	0.559	0.895	0.905	0.571	0.588	0.557	0	0.574	0.56	0.951	0.579	0.558	0.911	0.59	0.945	0.922	0.905	0.904	0.853	0.933	0.623	0.884	0.903	0.904	0.928	0.824	0.913	0.99	0.522	0.526	0.947	0.871	0.949	0.506
Pop023	0.521	0.585	0.88	0.521	0.896	0.576	0.548	0.617	0.535	0.525	0.853	0.867	0.557	0.9	0.565	0.561	0.871	0.895	0.528	0.571	0.567	0.574	0	0.562	0.932	0.585	0.563	0.887	0.599	0.93	0.9	0.889	0.882	0.822	0.917	0.608	0.858	0.877	0.886	0.914	0.801	0.886	0.974	0.479	0.488	0.928	0.842	0.926	0.469
Pop024	0.524	0.576	0.89	0.532	0.899	0.567	0.554	0.59	0.541	0.531	0.865	0.881	0.558	0.897	0.566	0.555	0.878	0.882	0.535	0.57	0.553	0.56	0.562	0	0.942	0.584	0.555	0.892	0.545	0.932	0.907	0.897	0.891	0.835	0.923	0.615	0.871	0.892	0.899	0.919	0.811	0.897	0.984	0.487	0.492	0.935	0.854	0.938	0.479
Pop025	0.86	0.939	0.98	0.86	1.065	0.913	0.933	0.914	0.863	0.864	0.995	0.968	0.953	1.057	0.953	0.944	0.998	1.083	0.881	0.876	0.939	0.951	0.932	0.942	0	0.948	0.952	1.032	0.956	1.074	1.027	1.059	1.045	0.985	1.062	0.955	1.039	1.06	1.059	1.063	0.96	1.05	1.131	0.842	0.842	1.089	1.021	1.078	0.834
Pop026	0.545	0.595	0.893	0.547	0.899	0.58	0.57	0.631	0.557	0.548	0.873	0.889	0.569	0.91	0.55	0.575	0.889	0.896	0.557	0.578	0.589	0.579	0.585	0.584	0.948	0	0.573	0.904	0.597	0.946	0.916	0.908	0.901	0.853	0.935	0.624	0.881	0.901	0.902	0.927	0.817	0.911	0.987	0.518	0.522	0.942	0.87	0.949	0.503
Pop027	0.537	0.597	0.898	0.555	0.896	0.584	0.535	0.626	0.564	0.551	0.871	0.892	0.566	0.905	0.578	0.563	0.893	0.901	0.542	0.594	0.564	0.558	0.563	0.555	0.952	0.573	0	0.909	0.536	0.945	0.912	0.903	0.904	0.85	0.931	0.615	0.886	0.902	0.906	0.929	0.817	0.91	0.988	0.504	0.518	0.944	0.868	0.946	0.495
Pop028	0.81	0.895	0.995	0.811	1.005	0.864	0.886	0.87	0.807	0.813	0.964	0.973	0.899	0.999	0.904	0.902	0.923	0.987	0.832	0.832	0.896	0.911	0.887	0.892	1.032	0.904	0.909	0	0.915	1.059	1.024	1.015	0.995	0.983	1.056	0.905	0.997	1.028	1.003	1.041	0.963	1.029	1.095	0.792	0.792	1.046	0.988	1.059	0.779
Pop029	0.56	0.608	0.907	0.568	0.891	0.603	0.574	0.641	0.58	0.571	0.886	0.906	0.604	0.914	0.602	0.596	0.9	0.909	0.568	0.604	0.592	0.59	0.599	0.545	0.956	0.597	0.536	0.915	0	0.954	0.921	0.918	0.918	0.862	0.946	0.625	0.894	0.913	0.918	0.937	0.835	0.919	0.999	0.53	0.537	0.953	0.881	0.956	0.522
Pop030	0.859	0.932	1.062	0.853	1.068	0.909	0.93	0.911	0.857	0.862	1.028	1.024	0.942	1.06	0.949	0.942	1.043	1.089	0.876	0.879	0.935	0.945	0.93	0.932	1.074	0.946	0.945	1.059	0.954	0	1.042	1.052	1.026	0.991	1.013	0.947	0.997	1.037	1.051	1.07	0.997	1.023	1.089	0.835	0.837	1.051	1.024	1.043	0.833
Pop031	0.813	0.897	0.977	0.815	1.044	0.876	0.894	0.88	0.815	0.819	0.971	0.977	0.912	1.042	0.916	0.909	0.989	1.06	0.832	0.838	0.907	0.922	0.9	0.907	1.027	0.916	0.912	1.024	0.921	1.042	0	0.998	0.999	0.956	1.044	0.918	0.976	1.018	1.021	1.025	0.934	1.017	1.087	0.789	0.794	1.037	0.986	1.039	0.786
Pop032	0.808	0.89	1.007	0.809	1.057	0.865	0.886	0.87	0.811	0.808	0.991	1.003	0.903	1.05	0.907	0.895	0.999	1.065	0.829	0.832	0.895	0.905	0.889	0.897	1.059	0.908	0.903	1.015	0.918	1.052	0.998	0	0.998	0.954	1.04	0.913	0.963	0.983	0.986	1.042	0.945	0.987	1.072	0.785	0.791	1.038	0.941	1.034	0.778
Pop033	0.793	0.887	1.011	0.794	1.062	0.854	0.88	0.859	0.795	0.796	0.99	0.999	0.903	1.06	0.901	0.895	0.983	1.047	0.819	0.817	0.89	0.904	0.882	0.891	1.045	0.901	0.904	0.995	0.918	1.026	0.999	0.998	0	0.951	0.993	0.905	0.954	0.964	0.993	1.043	0.942	0.963	1.055	0.774	0.777	1.03	0.943	1.03	0.765
Pop034	0.729	0.833	0.963	0.727	1.035	0.801	0.829	0.802	0.73	0.729	0.936	0.947	0.848	0.999	0.852	0.841	0.956	1.025	0.753	0.756	0.837	0.853	0.822	0.835	0.985	0.853	0.85	0.983	0.862	0.991	0.956	0.954	0.951	0	0.98	0.856	0.917	0.949	0.945	1.011	0.892	0.944	1.037	0.697	0.701	0.99	0.881	1.008	0.692
Pop035	0.84	0.913	1.039	0.843	1.07	0.897	0.915	0.901	0.837	0.844	1.039	1.045	0.931	1.082	0.935	0.925	1.063	1.095	0.86	0.865	0.926	0.933	0.917	0.923	1.062	0.935	0.931	1.056	0.946	1.013	1.044	1.04	0.993	0.98	0	0.938	0.988	1.003	1.044	1.052	0.981	0.991	1.046	0.819	0.823	1.032	1.002	1.021	0.811
Pop036	0.575	0.629	0.906	0.572	0.916	0.62	0.586	0.648	0.579	0.571	0.88	0.892	0.606	0.927	0.614	0.611	0.893	0.918	0.575	0.605	0.605	0.623	0.608	0.615	0.955	0.624	0.615	0.905	0.625	0.947	0.918	0.913	0.905	0.856	0.938	0	0.885	0.903	0.905	0.937	0.829	0.915	0.993	0.542	0.546	0.947	0.869	0.949	0.528
Pop037	0.766	0.864	0.977	0.767	1.036	0.834	0.861	0.836	0.764	0.764	0.961	0.969	0.879	1.039	0.884	0.871	0.968	1.039	0.79	0.793	0.868	0.884	0.858	0.871	1.039	0.881	0.886	0.997	0.894	0.997	0.976	0.963	0.954	0.917	0.988	0.885	0	0.953	0.965	1.038	0.921	0.944	1.039	0.739	0.743	1.016	0.937	1.008	0.734
Pop038	0.795	0.889	1.015	0.796	1.063	0.855	0.881	0.862	0.798	0.797	0.996	1.005	0.903	1.054	0.901	0.896	1.008	1.055	0.818	0.823	0.894	0.903	0.877	0.892	1.06	0.901	0.902	1.028	0.913	1.037	1.018	0.983	0.964	0.949	1.003	0.903	0.953	0	0.999	1.038	0.945	0.985	1.064	0.772	0.778	1.026	0.935	1.019	0.769
Pop039	0.804	0.891	1.005	0.808	1.052	0.863	0.884	0.869	0.81	0.809	0.986	1.011	0.9	1.034	0.903	0.897	0.989	1.05	0.827	0.827	0.895	0.904	0.886	0.899	1.059	0.902	0.906	1.003	0.918	1.051	1.021	0.986	0.993	0.945	1.044	0.905	0.965	0.999	0	1.067	0.943	0.98	1.099	0.785	0.788	1.031	0.956	1.039	0.778
Pop040	0.851	0.916	1.033	0.859	1.058	0.892	0.913	0.902	0.855	0.85	1.008	0.999	0.926	1.044	0.924	0.917	1.031	1.06	0.871	0.863	0.92	0.928	0.914	0.919	1.063	0.927	0.929	1.041	0.937	1.07	1.025	1.042	1.043	1.011	1.052	0.937	1.038	1.038	1.067	0	1.002	1.067	1.072	0.832	0.839	1.077	1.023	1.029	0.829
Pop041	0.713	0.808	0.93	0.717	1.002	0.781	0.801	0.784	0.716	0.712	0.912	0.937	0.817	0.99	0.819	0.814	0.934	1.004	0.734	0.731	0.814	0.824	0.801	0.811	0.96	0.817	0.817	0.963	0.835	0.997	0.934	0.945	0.942	0.892	0.981	0.829	0.921	0.945	0.943	1.002	0	0.951	1.05	0.686	0.69	0.98	0.904	1.005	0.681
Pop042	0.808	0.893	1.021	0.804	1.065	0.867	0.891	0.866	0.807	0.808	1.013	1.021	0.912	1.067	0.912	0.903	1.016	1.074	0.826	0.828	0.899	0.913	0.886	0.897	1.05	0.911	0.91	1.029	0.919	1.023	1.017	0.987	0.963	0.944	0.991	0.915	0.944	0.985	0.98	1.067	0.951	0	1.046	0.781	0.785	1.024	0.946	1.035	0.775
Pop043	0.921	0.982	1.099	0.921	1.111	0.954	0.977	0.969	0.923	0.922	1.085	1.093	0.993	1.122	0.989	0.984	1.095	1.126	0.933	0.939	0.988	0.99	0.974	0.984	1.131	0.987	0.988	1.095	0.999	1.089	1.087	1.072	1.055	1.037	1.046	0.993	1.039	1.064	1.099	1.072	1.05	1.046	0	0.904	0.909	1.09	1.047	1.077	0.9
Pop044	0.328	0.492	0.775	0.316	0.822	0.453	0.478	0.475	0.309	0.322	0.732	0.75	0.514	0.821	0.513	0.507	0.759	0.83	0.367	0.386	0.503	0.522	0.479	0.487	0.842	0.518	0.504	0.792	0.53	0.835	0.789	0.785	0.774	0.697	0.819	0.542	0.739	0.772	0.785	0.832	0.686	0.781	0.904	0	0.215	0.836	0.724	0.836	0.222
Pop045	0.333	0.51	0.78	0.31	0.825	0.462	0.49	0.48	0.317	0.342	0.743	0.755	0.518	0.825	0.519	0.518	0.755	0.833	0.377	0.388	0.505	0.526	0.488	0.492	0.842	0.522	0.518	0.792	0.537	0.837	0.794	0.791	0.777	0.701	0.823	0.546	0.743	0.778	0.788	0.839	0.69	0.785	0.909	0.215	0	0.841	0.728	0.838	0.248
Pop046	0.855	0.929	1.053	0.856	1.068	0.911	0.927	0.912	0.858	0.856	1.04	1.033	0.945	1.049	0.947	0.942	1.046	1.065	0.872	0.877	0.938	0.947	0.928	0.935	1.089	0.942	0.944	1.046	0.953	1.051	1.037	1.038	1.03	0.99	1.032	0.947	1.016	1.026	1.031	1.077	0.98	1.024	1.09	0.836	0.841	0	1.001	1.055	0.829
Pop047	0.744	0.856	0.97	0.744	1.047	0.819	0.846	0.824	0.752	0.755	0.951	0.969	0.865	1.026	0.869	0.861	0.976	1.029	0.773	0.78	0.86	0.871	0.842	0.854	1.021	0.87	0.868	0.988	0.881	1.024	0.986	0.941	0.943	0.881	1.002	0.869	0.937	0.935	0.956	1.023	0.904	0.946	1.047	0.724	0.728	1.001	0	1.018	0.717
Pop048	0.859	0.928	1.052	0.856	1.077	0.905	0.927	0.909	0.856	0.857	1.049	1.033	0.945	1.062	0.942	0.944	1.038	1.101	0.875	0.876	0.933	0.949	0.926	0.938	1.078	0.949	0.946	1.059	0.956	1.043	1.039	1.034	1.03	1.008	1.021	0.949	1.008	1.019	1.039	1.029	1.005	1.035	1.077	0.836	0.838	1.055	1.018	0	0.829
Pop049	0.31	0.486	0.769	0.309	0.815	0.439	0.46	0.464	0.321	0.319	0.733	0.747	0.49	0.818	0.498	0.497	0.756	0.824	0.354	0.379	0.488	0.506	0.469	0.479	0.834	0.503	0.495	0.779	0.522	0.833	0.786	0.778	0.765	0.692	0.811	0.528	0.734	0.769	0.778	0.829	0.681	0.775	0.9	0.222	0.248	0.829	0.717	0.829	0