	Pop001	Pop002	Pop003	Pop004	Pop005	Pop006	Pop007	Pop008	Pop009	Pop010	Pop011	Pop012	Pop013	Pop014	Pop015	Pop016	Pop017	Pop018	Pop019	Pop020	Pop021	Pop022	Pop023	Pop024	Pop025	Pop026	Pop027	Pop028	Pop029	Pop030	Pop031	Pop032	Pop033	Pop034	Pop035	Pop036	Pop037	Pop038	Pop039	Pop040	Pop041	Pop042	Pop043	Pop044	Pop045	Pop046	Pop047	Pop048	Pop049	Pop050	Pop051	Pop052	Pop053	Pop054	Pop055	Pop056	Pop057	Pop058	Pop059	Pop060	Pop061	Pop062	Pop063	Pop064	Pop065	Pop066	Pop067	Pop068	Pop069	Pop070	Pop071	Pop072	Pop073	Pop074	Pop075	Pop076
Pop001	0	-0.006	-0.98	0.036	-0.014	-0.016	-0.012	0.063	0	0	0.009	-0.005	0.021	0.019	-0.011	0.024	-0.005	0.011	-0.002	0.009	0.002	0.057	0.04	0.031	0.026	0.004	-0.015	0.002	0.029	0.015	-0.014	-0.006	0.11	0.027	0.026	0.006	0.024	-0.444	-0.004	0.009	0.029	-0.988	-0.024	0.101	-0.003	-0.121	-0.006	0.015	0.078	-0.008	-0.003	-0.004	0.038	0.003	0.009	-0.005	0.012	0.017	-0.007	0.007	0.023	-0.008	0.01	0.031	-0.006	-0.024	0.005	-0.005	0.028	-0.048	-0.498	0.019	-0.241	-0.18	-0.027	0.08
Pop002	-0.006	0	-0.946	0.005	0.002	-0.003	0.002	0.055	0.008	0.005	0.002	-0.024	-0.003	0	-0.01	0.027	-0.004	-0.006	0.013	0.004	-0.001	0.072	0.03	0.03	0.011	0	-0.008	0.027	0.032	0.02	0.001	0.018	0.13	0.024	0.016	0.02	-0.004	-0.471	0.019	0.025	0.041	-0.96	-0.058	0.096	-0.012	-0.139	0.017	0.035	0.081	0.008	0.016	0.001	0.045	0.033	0.015	0.007	0.017	0.01	0	0.006	0.025	0.006	0.011	0.042	-0.024	0.007	0.029	-0.033	0.009	-0.069	-0.468	0.043	-0.238	-0.181	-0.055	0.101
Pop003	-0.98	-0.946	0	-0.943	-0.974	-1.03	-1	-0.809	-0.978	-0.97	-0.973	-0.934	-0.898	-0.976	-1.002	-0.881	-0.954	-0.959	-0.981	-0.971	-0.98	-0.901	-0.876	-0.877	-0.862	-1.031	-1.016	-0.941	-0.986	-0.936	-0.991	-0.976	-0.674	-0.933	-0.931	-0.949	-0.778	NA	-0.967	-0.935	-0.862	NA	-0.87	-0.72	-0.977	NA	-1.025	-0.935	-0.736	-1.008	-0.99	-0.978	-0.83	-0.952	-0.93	-0.992	-0.975	-0.972	-0.968	-0.98	-0.888	-0.99	-0.979	-0.909	-0.969	-1.002	-0.939	-0.972	-0.939	-0.761	NA	-0.947	NA	NA	-0.748	-0.81
Pop004	0.036	0.005	-0.943	0	-0.016	0.018	-0.014	0.096	0.024	-0.008	0.002	-0.006	0.018	-0.002	-0.009	0.075	0.098	0.027	-0.002	0.002	0.008	0.169	0.035	0.032	0.046	0.1	0.023	0.024	0.13	0.018	0.031	-0.001	0.244	-0.001	0.012	0.009	0.111	-0.167	0.009	0.05	0.061	-0.975	0.04	0.213	0.007	0.16	0.039	0.046	0.111	-0.001	0.043	0.024	0.091	0.059	0.016	-0.021	0.041	-0.015	0.004	-0.005	0.039	-0.008	-0.004	0.047	0.019	-0.01	0.027	-0.01	0.007	0.022	-0.197	0.065	0.054	0.136	0.051	0.197
Pop005	-0.014	0.002	-0.974	-0.016	0	-0.009	-0.008	0.034	-0.005	-0.015	-0.003	-0.049	-0.032	-0.01	0.008	0.035	-0.01	-0.028	-0.011	0.003	-0.004	0.064	0.024	0.035	-0.003	-0.009	-0.008	0.034	0.031	0.007	-0.002	-0.002	0.131	0.021	0	0.014	-0.025	-0.48	0.023	0.015	0.035	-0.981	-0.069	0.084	-0.031	-0.188	0.017	0.022	0.061	0.003	0.006	-0.013	0.061	0.032	0.018	-0.004	0.009	-0.005	0.011	-0.013	0.032	-0.002	-0.003	0.021	-0.019	0	0.016	-0.044	-0.001	-0.097	-0.493	0.043	-0.263	-0.197	-0.077	0.092
Pop006	-0.016	-0.003	-1.03	0.018	-0.009	0	-0.024	0.044	-0.02	-0.002	-0.01	-0.013	-0.009	0.006	-0.02	0.004	-0.025	-0.012	-0.01	-0.003	-0.009	0.032	0.029	0.02	0.012	-0.025	-0.029	-0.005	0.017	-0.007	-0.017	-0.003	0.107	0.013	0.017	0.003	0.001	-0.5	-0.014	0.008	0.027	-1.038	-0.048	0.088	-0.018	-0.168	-0.018	-0.015	0.055	-0.02	-0.025	-0.01	0.027	0.001	0.003	-0.019	-0.021	0.003	-0.008	0.003	0.009	-0.015	-0.027	0.015	-0.009	-0.028	-0.011	-0.023	0.022	-0.059	-0.504	0.003	-0.283	-0.199	-0.051	0.073
Pop007	-0.012	0.002	-1	-0.014	-0.008	-0.024	0	0.057	-0.01	-0.014	-0.013	-0.039	-0.02	-0.008	-0.01	0.02	-0.011	-0.007	-0.008	0.001	-0.008	0.069	0.03	0.028	0.01	0.003	-0.01	0.017	0.033	0.007	-0.012	-0.003	0.127	0.012	0.003	0.002	0.013	-0.448	0.008	0.009	0.034	-1.008	-0.051	0.124	-0.031	-0.113	0.011	0.008	0.059	-0.007	0.007	-0.015	0.041	0.024	0.009	-0.016	0.016	-0.008	-0.007	-0.013	0.018	-0.01	-0.008	0.014	-0.018	-0.017	0.018	-0.04	0.002	-0.079	-0.464	0.036	-0.231	-0.157	-0.049	0.104
Pop008	0.063	0.055	-0.809	0.096	0.034	0.044	0.057	0	0.036	0.064	0.06	0.073	0.056	0.08	0.046	0.073	0.028	0.004	0.057	0.067	0.059	0.086	0.093	0.082	0.082	0.044	0.05	0.049	0.067	0.077	0.059	0.063	0.148	0.082	0.08	0.064	0.067	-0.368	0.045	0.066	0.088	-0.815	0.025	0.129	0.061	-0.11	0.036	0.064	0.097	0.046	0.044	0.05	0.097	0.052	0.053	0.043	0.001	0.062	0.056	0.07	0.077	0.037	0.058	0.069	0.05	0.046	0.018	0.059	0.096	0.011	-0.412	0.06	-0.199	-0.154	0.014	0.113
Pop009	0	0.008	-0.978	0.024	-0.005	-0.02	-0.01	0.036	0	-0.005	-0.003	0.005	0.004	0.005	-0.01	0.042	-0.006	-0.002	0.001	0.019	0.007	0.069	0.045	0.037	0.033	0.02	-0.006	0.002	0.028	0.021	-0.006	0.001	0.131	0.012	0.023	0.011	0.025	-0.423	-0.009	0.026	0.032	-0.986	-0.018	0.109	0.004	-0.116	0	0.002	0.048	-0.01	-0.009	0	0.043	-0.009	0.006	-0.022	-0.015	0.01	0.004	0.002	0.027	-0.017	-0.003	0.01	0.014	-0.028	-0.006	-0.009	0.034	-0.033	-0.457	0.027	-0.209	-0.141	-0.018	0.093
Pop010	0	0.005	-0.97	-0.008	-0.015	-0.002	-0.014	0.064	-0.005	0	-0.005	-0.035	-0.004	0	-0.006	0.048	0.009	0.002	0.002	0.009	0	0.096	0.044	0.04	0.025	0.019	0.003	0.026	0.057	0.01	0.007	0.007	0.16	0.02	0.018	0.01	0.023	-0.389	0.014	0.02	0.046	-0.978	-0.036	0.133	-0.02	-0.067	0.026	0.025	0.08	-0.002	0.01	-0.01	0.065	0.032	0.015	-0.009	0.014	0.008	0.003	0	0.03	0.002	-0.004	0.035	-0.002	-0.005	0.018	-0.029	0.009	-0.063	-0.404	0.05	-0.166	-0.1	-0.036	0.127
Pop011	0.009	0.002	-0.973	0.002	-0.003	-0.01	-0.013	0.06	-0.003	-0.005	0	-0.03	-0.004	-0.003	-0.014	0.04	0.002	-0.008	0.004	0.001	0.007	0.096	0.035	0.04	0.015	0.017	0.006	0.017	0.055	0.01	0.005	0.001	0.153	0.014	0.014	0.007	0.012	-0.404	0.015	0.02	0.051	-0.983	-0.035	0.132	-0.025	-0.089	0.019	0.017	0.069	-0.007	0.02	-0.005	0.057	0.024	0.009	-0.012	0.015	-0.001	0.001	-0.02	0.031	0.007	-0.001	0.035	-0.009	-0.012	0.013	-0.033	0.012	-0.06	-0.437	0.042	-0.204	-0.108	-0.036	0.128
Pop012	-0.005	-0.024	-0.934	-0.006	-0.049	-0.013	-0.039	0.073	0.005	-0.035	-0.03	0	0.003	-0.018	-0.043	0.042	0.083	-0.004	-0.035	-0.025	-0.032	0.142	0.002	0.006	0.035	0.071	0	-0.019	0.112	-0.011	-0.003	-0.024	0.222	-0.036	-0.004	-0.023	0.12	-0.134	-0.032	0.015	0.048	-0.938	0.06	0.201	-0.015	0.217	-0.004	0.024	0.092	-0.036	0.004	-0.01	0.072	0.026	-0.015	-0.061	0.009	-0.019	-0.027	-0.024	0.005	-0.035	-0.034	0.02	0.003	-0.041	-0.017	-0.022	-0.002	0.052	-0.139	0.026	0.12	0.214	0.067	0.183
Pop013	0.021	-0.003	-0.898	0.018	-0.032	-0.009	-0.02	0.056	0.004	-0.004	-0.004	0.003	0	0.007	-0.024	0.051	0.046	0.002	-0.007	0.003	-0.012	0.134	0.038	0.025	0.048	0.066	0.002	0.001	0.092	0.004	0.016	-0.003	0.201	-0.018	0.024	0.007	0.09	-0.214	-0.011	0.034	0.051	-0.909	0.05	0.167	-0.006	0.13	0.005	0.025	0.077	-0.019	0.006	-0.005	0.067	0.032	-0.003	-0.034	0.01	-0.01	-0.008	0.005	0.024	-0.015	-0.001	0.004	0.018	-0.036	-0.013	-0.002	0.038	0.035	-0.227	0.038	0.025	0.108	0.06	0.163
Pop014	0.019	0	-0.976	-0.002	-0.01	0.006	-0.008	0.08	0.005	0	-0.003	-0.018	0.007	0	-0.003	0.06	0.049	0.005	0.004	-0.004	-0.006	0.136	0.029	0.039	0.027	0.049	0.01	0.016	0.098	0.01	0.017	-0.005	0.19	-0.011	0.009	0.014	0.063	-0.303	0.008	0.035	0.059	-0.987	0.005	0.176	-0.004	0.045	0.028	0.033	0.083	0.004	0.011	0.007	0.078	0.034	0.014	-0.015	0.023	-0.009	0.005	-0.005	0.034	-0.004	-0.003	0.035	0.003	-0.008	0.013	-0.022	-0.001	-0.029	-0.322	0.05	-0.057	0.022	0.008	0.163
Pop015	-0.011	-0.01	-1.002	-0.009	0.008	-0.02	-0.01	0.046	-0.01	-0.006	-0.014	-0.043	-0.024	-0.003	0	0.001	-0.021	-0.023	0	0.003	-0.006	0.055	0.025	0.03	0.002	-0.02	-0.024	0.013	0.024	0	-0.017	0.002	0.11	0.01	0.006	-0.006	-0.009	-0.497	0.002	0.005	0.035	-1.009	-0.072	0.082	-0.039	-0.174	0.001	0.01	0.056	-0.015	0.011	-0.012	0.024	0.021	0.01	-0.009	0.008	-0.006	-0.015	-0.006	0.007	-0.01	-0.006	0.018	-0.033	-0.009	0.021	-0.041	0.001	-0.093	-0.514	0.031	-0.29	-0.206	-0.07	0.077
Pop016	0.024	0.027	-0.881	0.075	0.035	0.004	0.02	0.073	0.042	0.048	0.04	0.042	0.051	0.06	0.001	0	0.023	0.044	0.037	0.052	0.051	0.069	0.08	0.073	0.071	0.017	-0.005	0.034	0.053	0.04	0.006	0.044	0.138	0.067	0.061	0.038	0.049	-0.408	0.027	0.046	0.057	-0.887	0.004	0.125	0.026	-0.131	0.025	0.039	0.086	0.016	0.033	0.041	0.006	0.042	0.052	0.015	0.041	0.044	-0.006	0.053	-0.004	0.035	0.033	0.051	0.001	0.005	0.035	0.024	0.073	-0.007	-0.442	0.049	-0.221	-0.174	0.003	0.095
Pop017	-0.005	-0.004	-0.954	0.098	-0.01	-0.025	-0.011	0.028	-0.006	0.009	0.002	0.083	0.046	0.049	-0.021	0.023	0	0.016	-0.015	0.022	0.005	0.032	0.055	0.018	0.068	0.001	-0.015	-0.042	0.004	0.018	-0.005	0.001	0.099	0.016	0.062	-0.007	0.047	-0.42	-0.04	0.02	0.023	-0.966	0.022	0.078	0.027	-0.082	-0.038	-0.015	0.048	-0.033	-0.033	0.006	0.044	-0.02	-0.018	-0.009	-0.027	0.042	0	0.031	0.016	-0.025	0.018	-0.003	0.028	-0.039	-0.054	0.057	0.081	0.048	-0.436	-0.018	-0.2	-0.117	0.061	0.061
Pop018	0.011	-0.006	-0.959	0.027	-0.028	-0.012	-0.007	0.004	-0.002	0.002	-0.008	-0.004	0.002	0.005	-0.023	0.044	0.016	0	-0.008	0.001	-0.013	0.089	0.037	0.03	0.028	0.023	0.005	-0.005	0.042	0.019	-0.001	-0.002	0.141	0.018	0.017	0.005	0.034	-0.367	-0.014	0.018	0.038	-0.968	-0.014	0.129	0.003	-0.031	-0.001	0.016	0.059	-0.017	0.007	0.002	0.064	0.019	0.005	-0.025	0.001	0.004	0.001	0.003	0.027	-0.008	0	0.028	0.016	-0.017	-0.02	0	0.025	-0.029	-0.385	0.026	-0.141	-0.055	0.006	0.111
Pop019	-0.002	0.013	-0.981	-0.002	-0.011	-0.01	-0.008	0.057	0.001	0.002	0.004	-0.035	-0.007	0.004	0	0.037	-0.015	-0.008	0	0.002	0.001	0.049	0.022	0.031	-0.003	-0.033	-0.006	0.014	0.028	0.02	-0.009	0.006	0.091	0.023	0.013	0.017	-0.017	-0.478	-0.004	-0.012	0.04	-0.987	-0.087	0.093	-0.009	-0.186	-0.009	0.018	0.074	-0.012	0.011	-0.004	0.061	0.023	0.015	0.006	0.015	0.004	0.019	-0.001	0.039	-0.002	0.006	0.028	0.001	0.004	0.016	-0.023	-0.012	-0.118	-0.506	0.016	-0.324	-0.187	-0.091	0.051
Pop020	0.009	0.004	-0.971	0.002	0.003	-0.003	0.001	0.067	0.019	0.009	0.001	-0.025	0.003	-0.004	0.003	0.052	0.022	0.001	0.002	0	0.007	0.072	-0.006	-0.002	-0.036	0.011	0.006	0.009	-0.01	0.022	0.015	0.006	0.145	-0.001	-0.015	0.017	0.037	-0.408	0.009	0.018	0.035	-0.979	-0.047	0.128	-0.007	-0.079	0.014	0.028	0.083	0.006	0.018	0.011	0.067	0.04	0.023	-0.004	0.017	0.004	0.009	0.001	0.039	-0.001	0.003	0.043	-0.006	0.009	0.015	-0.023	0.003	-0.061	-0.44	0.031	-0.21	-0.116	-0.037	0.105
Pop021	0.002	-0.001	-0.98	0.008	-0.004	-0.009	-0.008	0.059	0.007	0	0.007	-0.032	-0.012	-0.006	-0.006	0.051	0.005	-0.013	0.001	0.007	0	0.087	0.026	0.027	0.017	0.018	0.005	0.011	0.051	0.005	0.012	0.006	0.151	0.011	0.01	0.011	0.006	-0.405	0.009	0.014	0.038	-0.981	-0.042	0.12	-0.016	-0.098	0.017	0.034	0.065	-0.007	0.018	-0.003	0.071	0.034	0.01	-0.006	0.017	0.001	0.01	-0.004	0.037	0.002	0.005	0.033	-0.004	0.002	0.017	-0.033	0.009	-0.063	-0.439	0.02	-0.19	-0.104	-0.049	0.113
Pop022	0.057	0.072	-0.901	0.169	0.064	0.032	0.069	0.086	0.069	0.096	0.096	0.142	0.134	0.136	0.055	0.069	0.032	0.089	0.049	0.072	0.087	0	0.103	0.062	0.108	-0.006	0.042	-0.026	0.003	0.093	0.067	0.07	0.094	0.1	0.112	0.07	0.064	-0.496	0.011	0.075	0.062	-0.915	0.04	0.075	0.097	-0.249	-0.003	0.049	0.117	0.045	0.035	0.072	0.085	0.029	0.071	0.061	0.041	0.109	0.082	0.108	0.079	0.046	0.069	0.073	0.083	0.038	0.022	0.123	0.151	0.062	-0.517	0.008	-0.339	-0.251	0.064	0.074
Pop023	0.04	0.03	-0.876	0.035	0.024	0.029	0.03	0.093	0.045	0.044	0.035	0.002	0.038	0.029	0.025	0.08	0.055	0.037	0.022	-0.006	0.026	0.103	0	-0.014	-0.022	0.055	0.037	0.019	0.051	0.043	0.046	0.024	0.179	0.004	-0.003	0.039	0.07	-0.328	0.031	0.054	0.071	-0.877	0.014	0.167	0.022	-0.02	0.038	0.059	0.119	0.031	0.048	0.034	0.103	0.059	0.044	0.027	0.044	0.034	0.038	0.035	0.066	0.014	0.033	0.069	0.034	0.027	0.045	0.021	0.033	-0.008	-0.342	0.066	-0.117	-0.035	0.004	0.149
Pop024	0.031	0.03	-0.877	0.032	0.035	0.02	0.028	0.082	0.037	0.04	0.04	0.006	0.025	0.039	0.03	0.073	0.018	0.03	0.031	-0.002	0.027	0.062	-0.014	0	-0.027	0.02	0.025	0.009	0.01	0.046	0.036	0.034	0.145	0.011	-0.004	0.043	0.031	-0.411	0.033	0.047	0.062	-0.888	-0.031	0.116	0.017	-0.107	0.038	0.054	0.104	0.032	0.039	0.024	0.092	0.047	0.04	0.028	0.043	0.026	0.045	0.031	0.07	0.026	0.037	0.059	0.028	0.029	0.044	-0.001	0.035	-0.048	-0.425	0.047	-0.206	-0.119	-0.028	0.114
Pop025	0.026	0.011	-0.862	0.046	-0.003	0.012	0.01	0.082	0.033	0.025	0.015	0.035	0.048	0.027	0.002	0.071	0.068	0.028	-0.003	-0.036	0.017	0.108	-0.022	-0.027	0	0.048	0.018	-0.011	0.038	0.028	0.03	0.013	0.182	-0.014	-0.001	0.025	0.086	-0.251	-0.007	0.04	0.054	-0.882	0.031	0.168	0.024	0.046	0.009	0.041	0.105	0.002	0.022	0.028	0.088	0.042	0.023	-0.007	0.021	0.017	0.022	0.024	0.045	-0.002	0.024	0.05	0.035	-0.007	0.013	0.022	0.038	0.021	-0.297	0.032	-0.045	0.05	0.039	0.136
Pop026	0.004	0	-1.031	0.1	-0.009	-0.025	0.003	0.044	0.02	0.019	0.017	0.071	0.066	0.049	-0.02	0.017	0.001	0.023	-0.033	0.011	0.018	-0.006	0.055	0.02	0.048	0	-0.008	-0.036	-0.023	0.032	-0.003	0.007	0.036	0.033	0.054	0.006	0.026	-0.516	-0.073	-0.013	0.02	-1.039	-0.012	0.063	0.04	-0.19	-0.07	-0.005	0.082	-0.034	-0.029	0.009	0.038	-0.017	0	-0.012	-0.025	0.038	0.008	0.028	0.013	-0.016	0.018	0.024	0.027	-0.026	-0.032	0.052	0.068	-0.012	-0.537	-0.093	-0.366	-0.194	0.004	0.007
Pop027	-0.015	-0.008	-1.016	0.023	-0.008	-0.029	-0.01	0.05	-0.006	0.003	0.006	0	0.002	0.01	-0.024	-0.005	-0.015	0.005	-0.006	0.006	0.005	0.042	0.037	0.025	0.018	-0.008	0	-0.01	0.028	-0.012	-0.033	-0.005	0.111	0.013	0.023	-0.015	0.002	-0.464	-0.018	0.008	0.035	-1.014	-0.034	0.075	-0.014	-0.181	-0.022	0.012	0.06	-0.019	-0.007	-0.005	0.014	-0.003	0.008	-0.015	0.004	0.018	-0.013	0.004	-0.002	-0.023	-0.005	0.022	0.004	-0.026	-0.006	-0.01	0.027	-0.053	-0.51	0.014	-0.27	-0.181	-0.036	0.072
Pop028	0.002	0.027	-0.941	0.024	0.034	-0.005	0.017	0.049	0.002	0.026	0.017	-0.019	0.001	0.016	0.013	0.034	-0.042	-0.005	0.014	0.009	0.011	-0.026	0.019	0.009	-0.011	-0.036	-0.01	0	-0.016	0.024	-0.002	0.018	0.079	0.028	0.014	0.015	-0.033	-0.547	0.012	0.014	0.041	-0.943	-0.078	0.056	-0.014	-0.283	0.003	0.02	0.067	0.006	0.02	0.001	0.048	0.007	0.028	0.022	0.013	0.023	0.02	0.025	0.043	0.01	0.015	0.026	-0.009	0.018	0.025	-0.018	0.021	-0.104	-0.572	0.019	-0.372	-0.294	-0.09	0.049
Pop029	0.029	0.032	-0.986	0.13	0.031	0.017	0.033	0.067	0.028	0.057	0.055	0.112	0.092	0.098	0.024	0.053	0.004	0.042	0.028	-0.01	0.051	0.003	0.051	0.01	0.038	-0.023	0.028	-0.016	0	0.071	0.044	0.038	0.092	0.052	0.061	0.044	0.044	-0.535	-0.012	0.045	0.016	-0.997	0.001	0.083	0.061	-0.26	-0.028	0.013	0.106	0.017	0.013	0.039	0.064	0.021	0.044	0.034	0.012	0.07	0.046	0.071	0.058	0.014	0.044	0.043	0.051	0.005	0.004	0.088	0.115	0.03	-0.565	-0.001	-0.373	-0.282	0.041	0.04
Pop030	0.015	0.02	-0.936	0.018	0.007	-0.007	0.007	0.077	0.021	0.01	0.01	-0.011	0.004	0.01	0	0.04	0.018	0.019	0.02	0.022	0.005	0.093	0.043	0.046	0.028	0.032	-0.012	0.024	0.071	0	0.008	0.007	0.152	0.027	0.031	-0.002	0.026	-0.403	0.016	0.016	0.062	-0.931	-0.019	0.128	-0.025	-0.102	0.009	0.035	0.086	0.004	0.019	0.016	0.061	0.043	0.028	0.002	0.035	0.024	0.012	0.017	0.041	-0.002	0.003	0.051	0.012	0.007	0.027	-0.009	0.025	-0.042	-0.419	0.053	-0.186	-0.109	-0.024	0.132
Pop031	-0.014	0.001	-0.991	0.031	-0.002	-0.017	-0.012	0.059	-0.006	0.007	0.005	-0.003	0.016	0.017	-0.017	0.006	-0.005	-0.001	-0.009	0.015	0.012	0.067	0.046	0.036	0.03	-0.003	-0.033	-0.002	0.044	0.008	0	-0.013	0.107	0.024	0.03	-0.001	0.022	-0.438	-0.007	0.019	0.038	-0.999	-0.028	0.092	-0.008	-0.123	0.002	0.016	0.068	-0.027	-0.009	-0.007	0.013	-0.014	0.001	-0.012	0.014	0.017	-0.017	0.01	-0.001	-0.007	0.01	0.023	-0.006	-0.015	-0.017	-0.005	0.027	-0.047	-0.489	0.015	-0.25	-0.169	-0.024	0.083
Pop032	-0.006	0.018	-0.976	-0.001	-0.002	-0.003	-0.003	0.063	0.001	0.007	0.001	-0.024	-0.003	-0.005	0.002	0.044	0.001	-0.002	0.006	0.006	0.006	0.07	0.024	0.034	0.013	0.007	-0.005	0.018	0.038	0.007	-0.013	0	0.135	0.012	0.015	0.003	0.013	-0.44	0.011	0.017	0.039	-0.981	-0.044	0.112	-0.014	-0.143	0.011	0.017	0.06	0.002	0.004	0.007	0.059	0.021	0.017	0.002	0.016	-0.005	0.009	-0.008	0.035	-0.011	0.003	0.024	-0.005	-0.013	0.008	-0.027	0.005	-0.074	-0.48	0.039	-0.235	-0.175	-0.051	0.112
Pop033	0.11	0.13	-0.674	0.244	0.131	0.107	0.127	0.148	0.131	0.16	0.153	0.222	0.201	0.19	0.11	0.138	0.099	0.141	0.091	0.145	0.151	0.094	0.179	0.145	0.182	0.036	0.111	0.079	0.092	0.152	0.107	0.135	0	0.169	0.189	0.132	0.14	-0.312	0.01	0.079	0.145	-0.682	0.075	0.152	0.175	-0.099	0.015	0.12	0.174	0.063	0.093	0.137	0.131	0.08	0.121	0.119	0.101	0.18	0.137	0.176	0.127	0.112	0.151	0.128	0.16	0.093	0.076	0.198	0.189	0.1	-0.388	0.013	-0.244	-0.115	0.101	0.034
Pop034	0.027	0.024	-0.933	-0.001	0.021	0.013	0.012	0.082	0.012	0.02	0.014	-0.036	-0.018	-0.011	0.01	0.067	0.016	0.018	0.023	-0.001	0.011	0.1	0.004	0.011	-0.014	0.033	0.013	0.028	0.052	0.027	0.024	0.012	0.169	0	0.003	0.031	0.037	-0.397	0.039	0.041	0.062	-0.94	-0.03	0.139	-0.011	-0.068	0.049	0.052	0.08	0.022	0.034	0.015	0.087	0.047	0.029	0.01	0.038	0.006	0.022	0.01	0.049	0.021	0.016	0.017	0.01	0.01	0.039	-0.027	0.011	-0.059	-0.412	0.063	-0.172	-0.088	-0.032	0.136
Pop035	0.026	0.016	-0.931	0.012	0	0.017	0.003	0.08	0.023	0.018	0.014	-0.004	0.024	0.009	0.006	0.061	0.062	0.017	0.013	-0.015	0.01	0.112	-0.003	-0.004	-0.001	0.054	0.023	0.014	0.061	0.031	0.03	0.015	0.189	0.003	0	0.027	0.067	-0.312	0.021	0.046	0.07	-0.955	-0.003	0.173	0.012	0.026	0.03	0.045	0.104	0.013	0.047	0.017	0.083	0.052	0.031	0.006	0.038	0.004	0.021	0.011	0.045	-0.001	0.018	0.061	0.008	0.003	0.03	-0.016	0.018	-0.026	-0.337	0.052	-0.083	-0.024	-0.003	0.152
Pop036	0.006	0.02	-0.949	0.009	0.014	0.003	0.002	0.064	0.011	0.01	0.007	-0.023	0.007	0.014	-0.006	0.038	-0.007	0.005	0.017	0.017	0.011	0.07	0.039	0.043	0.025	0.006	-0.015	0.015	0.044	-0.002	-0.001	0.003	0.132	0.031	0.027	0	0.005	-0.42	0.004	-0.001	0.043	-0.959	-0.036	0.104	-0.028	-0.144	-0.011	0.022	0.082	0.009	0.025	0.01	0.058	0.033	0.018	0.007	0.029	0.013	0.005	0.006	0.035	0.004	0.01	0.028	-0.008	0.001	0.023	-0.016	0.018	-0.066	-0.452	0.045	-0.231	-0.152	-0.037	0.095
Pop037	0.024	-0.004	-0.778	0.111	-0.025	0.001	0.013	0.067	0.025	0.023	0.012	0.12	0.09	0.063	-0.009	0.049	0.047	0.034	-0.017	0.037	0.006	0.064	0.07	0.031	0.086	0.026	0.002	-0.033	0.044	0.026	0.022	0.013	0.14	0.037	0.067	0.005	0	-0.324	-0.076	0.017	0.045	-0.8	0.076	0.027	0.056	-0.034	-0.041	0.011	0.091	-0.034	-0.016	0.03	0.057	0.004	0.004	-0.015	-0.004	0.051	0.004	0.038	0.022	-0.01	0.018	0.036	0.039	-0.028	-0.021	0.085	0.085	0.103	-0.255	-0.02	-0.033	0.043	0.113	0.093
Pop038	-0.444	-0.471	NA	-0.167	-0.48	-0.5	-0.448	-0.368	-0.423	-0.389	-0.404	-0.134	-0.214	-0.303	-0.497	-0.408	-0.42	-0.367	-0.478	-0.408	-0.405	-0.496	-0.328	-0.411	-0.251	-0.516	-0.464	-0.547	-0.535	-0.403	-0.438	-0.44	-0.312	-0.397	-0.312	-0.42	-0.324	0	-0.593	-0.406	-0.405	NA	-0.158	-0.391	-0.296	NA	-0.609	-0.486	-0.288	-0.504	-0.543	-0.427	-0.403	-0.517	-0.438	-0.493	-0.503	-0.328	-0.453	-0.366	-0.419	-0.491	-0.404	-0.426	-0.349	-0.541	-0.53	-0.206	-0.227	-0.012	NA	-0.537	NA	NA	-0.024	-0.425
Pop039	-0.004	0.019	-0.967	0.009	0.023	-0.014	0.008	0.045	-0.009	0.014	0.015	-0.032	-0.011	0.008	0.002	0.027	-0.04	-0.014	-0.004	0.009	0.009	0.011	0.031	0.033	-0.007	-0.073	-0.018	0.012	-0.012	0.016	-0.007	0.011	0.01	0.039	0.021	0.004	-0.076	-0.593	0	-0.032	0.03	-0.982	-0.109	0.015	-0.021	-0.327	-0.029	0.015	0.052	-0.015	0.006	-0.007	0.036	0.018	0.022	0.017	0.008	0.02	0.02	0.005	0.04	0	0.013	0.025	-0.016	0.008	0.02	-0.034	-0.001	-0.133	-0.605	-0.019	-0.429	-0.316	-0.121	-0.027
Pop040	0.009	0.025	-0.935	0.05	0.015	0.008	0.009	0.066	0.026	0.02	0.02	0.015	0.034	0.035	0.005	0.046	0.02	0.018	-0.012	0.018	0.014	0.075	0.054	0.047	0.04	-0.013	0.008	0.014	0.045	0.016	0.019	0.017	0.079	0.041	0.046	-0.001	0.017	-0.406	-0.032	0	0.05	-0.942	-0.075	0.123	0.011	-0.12	-0.029	0.035	0.079	-0.017	0.018	0.02	0.065	0.038	0.018	0.009	0.018	0.033	0.023	0.031	0.045	0.01	0.023	0.046	0.016	0.005	0.017	0.026	0.018	-0.081	-0.492	-0.005	-0.318	-0.112	-0.066	0.041
Pop041	0.029	0.041	-0.862	0.061	0.035	0.027	0.034	0.088	0.032	0.046	0.051	0.048	0.051	0.059	0.035	0.057	0.023	0.038	0.04	0.035	0.038	0.062	0.071	0.062	0.054	0.02	0.035	0.041	0.016	0.062	0.038	0.039	0.145	0.062	0.07	0.043	0.045	-0.405	0.03	0.05	0	-0.867	0.006	0.117	0.035	-0.152	0.022	0.04	0.084	0.036	0.023	0.04	0.086	0.036	0.048	0.027	0.027	0.048	0.036	0.051	0.063	0.023	0.039	0.033	0.035	0.016	0.031	0.034	0.082	-0.006	-0.436	0.042	-0.238	-0.173	0.01	0.098
Pop042	-0.988	-0.96	NA	-0.975	-0.981	-1.038	-1.008	-0.815	-0.986	-0.978	-0.983	-0.938	-0.909	-0.987	-1.009	-0.887	-0.966	-0.968	-0.987	-0.979	-0.981	-0.915	-0.877	-0.888	-0.882	-1.039	-1.014	-0.943	-0.997	-0.931	-0.999	-0.981	-0.682	-0.94	-0.955	-0.959	-0.8	NA	-0.982	-0.942	-0.867	0	-0.885	-0.72	-0.983	NA	-1.029	-0.94	-0.742	-1.005	-0.996	-0.989	-0.839	-0.963	-0.936	-0.992	-0.98	-0.986	-0.976	-0.986	-0.891	-0.997	-0.985	-0.907	-0.978	-1.011	-0.946	-0.988	-0.96	-0.772	NA	-0.955	NA	NA	-0.726	-0.818
Pop043	-0.024	-0.058	-0.87	0.04	-0.069	-0.048	-0.051	0.025	-0.018	-0.036	-0.035	0.06	0.05	0.005	-0.072	0.004	0.022	-0.014	-0.087	-0.047	-0.042	0.04	0.014	-0.031	0.031	-0.012	-0.034	-0.078	0.001	-0.019	-0.028	-0.044	0.075	-0.03	-0.003	-0.036	0.076	-0.158	-0.109	-0.075	0.006	-0.885	0	0.107	0.016	0.154	-0.102	-0.033	0.056	-0.1	-0.046	-0.018	0.007	-0.033	-0.047	-0.081	-0.043	-0.006	-0.05	-0.019	-0.032	-0.06	-0.048	-0.011	-0.008	-0.075	-0.074	0.031	-0.035	-0.05	-0.282	-0.083	-0.089	0.139	-0.018	0.027
Pop044	0.101	0.096	-0.72	0.213	0.084	0.088	0.124	0.129	0.109	0.133	0.132	0.201	0.167	0.176	0.082	0.125	0.078	0.129	0.093	0.128	0.12	0.075	0.167	0.116	0.168	0.063	0.075	0.056	0.083	0.128	0.092	0.112	0.152	0.139	0.173	0.104	0.027	-0.391	0.015	0.123	0.117	-0.72	0.107	0	0.148	-0.212	0.039	0.092	0.158	0.074	0.05	0.116	0.116	0.063	0.099	0.094	0.073	0.163	0.108	0.149	0.113	0.091	0.126	0.118	0.13	0.075	0.054	0.171	0.191	0.125	-0.378	0.039	-0.193	-0.13	0.139	0.096
Pop045	-0.003	-0.012	-0.977	0.007	-0.031	-0.018	-0.031	0.061	0.004	-0.02	-0.025	-0.015	-0.006	-0.004	-0.039	0.026	0.027	0.003	-0.009	-0.007	-0.016	0.097	0.022	0.017	0.024	0.04	-0.014	-0.014	0.061	-0.025	-0.008	-0.014	0.175	-0.011	0.012	-0.028	0.056	-0.296	-0.021	0.011	0.035	-0.983	0.016	0.148	0	0.027	-0.013	0.015	0.078	-0.024	-0.004	-0.016	0.051	0.022	-0.006	-0.034	0.019	-0.007	-0.011	-0.009	0.011	-0.02	-0.025	0.02	-0.009	-0.034	-0.011	-0.012	0.017	-0.003	-0.326	0.026	-0.1	0.03	0.006	0.143
Pop046	-0.121	-0.139	NA	0.16	-0.188	-0.168	-0.113	-0.11	-0.116	-0.067	-0.089	0.217	0.13	0.045	-0.174	-0.131	-0.082	-0.031	-0.186	-0.079	-0.098	-0.249	-0.02	-0.107	0.046	-0.19	-0.181	-0.283	-0.26	-0.102	-0.123	-0.143	-0.099	-0.068	0.026	-0.144	-0.034	NA	-0.327	-0.12	-0.152	NA	0.154	-0.212	0.027	0	-0.342	-0.189	-0.039	-0.21	-0.255	-0.103	-0.139	-0.246	-0.162	-0.19	-0.212	-0.005	-0.146	-0.024	-0.139	-0.194	-0.097	-0.139	-0.024	-0.236	-0.268	0.149	0.106	0.298	NA	-0.288	NA	NA	0.264	-0.187
Pop047	-0.006	0.017	-1.025	0.039	0.017	-0.018	0.011	0.036	0	0.026	0.019	-0.004	0.005	0.028	0.001	0.025	-0.038	-0.001	-0.009	0.014	0.017	-0.003	0.038	0.038	0.009	-0.07	-0.022	0.003	-0.028	0.009	0.002	0.011	0.015	0.049	0.03	-0.011	-0.041	-0.609	-0.029	-0.029	0.022	-1.029	-0.102	0.039	-0.013	-0.342	0	0.006	0.053	-0.002	-0.015	-0.002	0.037	0.009	0.019	0.016	-0.001	0.027	0.022	0.023	0.033	-0.01	0.009	0.026	-0.005	0.004	0.005	-0.009	0.025	-0.117	-0.627	-0.022	-0.45	-0.34	-0.108	0.002
Pop048	0.015	0.035	-0.935	0.046	0.022	-0.015	0.008	0.064	0.002	0.025	0.017	0.024	0.025	0.033	0.01	0.039	-0.015	0.016	0.018	0.028	0.034	0.049	0.059	0.054	0.041	-0.005	0.012	0.02	0.013	0.035	0.016	0.017	0.12	0.052	0.045	0.022	0.011	-0.486	0.015	0.035	0.04	-0.94	-0.033	0.092	0.015	-0.189	0.006	0	0.068	0.014	0.007	0.017	0.06	0.018	0.04	0.009	-0.002	0.028	0.034	0.033	0.049	0.007	0.013	0.026	0.022	-0.003	0.02	0.013	0.047	-0.041	-0.509	0.03	-0.291	-0.216	-0.028	0.087
Pop049	0.078	0.081	-0.736	0.111	0.061	0.055	0.059	0.097	0.048	0.08	0.069	0.092	0.077	0.083	0.056	0.086	0.048	0.059	0.074	0.083	0.065	0.117	0.119	0.104	0.105	0.082	0.06	0.067	0.106	0.086	0.068	0.06	0.174	0.08	0.104	0.082	0.091	-0.288	0.052	0.079	0.084	-0.742	0.056	0.158	0.078	-0.039	0.053	0.068	0	0.059	0.062	0.057	0.101	0.072	0.056	0.044	0.046	0.07	0.07	0.085	0.081	0.066	0.07	0.048	0.08	0.046	0.048	0.077	0.111	0.038	-0.325	0.072	-0.15	-0.051	0.061	0.154
Pop050	-0.008	0.008	-1.008	-0.001	0.003	-0.02	-0.007	0.046	-0.01	-0.002	-0.007	-0.036	-0.019	0.004	-0.015	0.016	-0.033	-0.017	-0.012	0.006	-0.007	0.045	0.031	0.032	0.002	-0.034	-0.019	0.006	0.017	0.004	-0.027	0.002	0.063	0.022	0.013	0.009	-0.034	-0.504	-0.015	-0.017	0.036	-1.005	-0.1	0.074	-0.024	-0.21	-0.002	0.014	0.059	0	-0.002	-0.009	0.027	0.011	0.014	-0.005	0.008	0.004	-0.015	0.001	0.011	0.001	0.004	0.022	-0.017	-0.003	0.011	-0.037	-0.006	-0.125	-0.543	-0.011	-0.358	-0.246	-0.107	0.036
Pop051	-0.003	0.016	-0.99	0.043	0.006	-0.025	0.007	0.044	-0.009	0.01	0.02	0.004	0.006	0.011	0.011	0.033	-0.033	0.007	0.011	0.018	0.018	0.035	0.048	0.039	0.022	-0.029	-0.007	0.02	0.013	0.019	-0.009	0.004	0.093	0.034	0.047	0.025	-0.016	-0.543	0.006	0.018	0.023	-0.996	-0.046	0.05	-0.004	-0.255	-0.015	0.007	0.062	-0.002	0	-0.009	0.054	-0.001	0.011	0.006	-0.002	0.026	0.021	0.018	0.028	0.001	0.009	0.033	0.008	-0.009	-0.017	-0.005	0.045	-0.064	-0.569	0.017	-0.337	-0.266	-0.045	0.057
Pop052	-0.004	0.001	-0.978	0.024	-0.013	-0.01	-0.015	0.05	0	-0.01	-0.005	-0.01	-0.005	0.007	-0.012	0.041	0.006	0.002	-0.004	0.011	-0.003	0.072	0.034	0.024	0.028	0.009	-0.005	0.001	0.039	0.016	-0.007	0.007	0.137	0.015	0.017	0.01	0.03	-0.427	-0.007	0.02	0.04	-0.989	-0.018	0.116	-0.016	-0.103	-0.002	0.017	0.057	-0.009	-0.009	0	0.049	-0.001	0.002	-0.024	-0.002	0.007	-0.005	-0.008	0.023	0.002	0.002	0.004	0.008	-0.026	0.004	-0.012	0.037	-0.037	-0.445	0.023	-0.209	-0.128	-0.012	0.099
Pop053	0.038	0.045	-0.83	0.091	0.061	0.027	0.041	0.097	0.043	0.065	0.057	0.072	0.067	0.078	0.024	0.006	0.044	0.064	0.061	0.067	0.071	0.085	0.103	0.092	0.088	0.038	0.014	0.048	0.064	0.061	0.013	0.059	0.131	0.087	0.083	0.058	0.057	-0.403	0.036	0.065	0.086	-0.839	0.007	0.116	0.051	-0.139	0.037	0.06	0.101	0.027	0.054	0.049	0	0.053	0.064	0.033	0.055	0.069	0.005	0.072	0.013	0.04	0.06	0.068	0.022	0.023	0.054	0.049	0.09	0	-0.445	0.062	-0.241	-0.179	0.017	0.101
Pop054	0.003	0.033	-0.952	0.059	0.032	0.001	0.024	0.052	-0.009	0.032	0.024	0.026	0.032	0.034	0.021	0.042	-0.02	0.019	0.023	0.04	0.034	0.029	0.059	0.047	0.042	-0.017	-0.003	0.007	0.021	0.043	-0.014	0.021	0.08	0.047	0.052	0.033	0.004	-0.517	0.018	0.038	0.036	-0.963	-0.033	0.063	0.022	-0.246	0.009	0.018	0.072	0.011	-0.001	-0.001	0.053	0	0.014	0.025	0.002	0.041	0.027	0.032	0.039	0.019	0.033	0.03	0.025	0.004	-0.007	0.013	0.056	-0.052	-0.561	0.026	-0.338	-0.275	-0.038	0.055
Pop055	0.009	0.015	-0.93	0.016	0.018	0.003	0.009	0.053	0.006	0.015	0.009	-0.015	-0.003	0.014	0.01	0.052	-0.018	0.005	0.015	0.023	0.01	0.071	0.044	0.04	0.023	0	0.008	0.028	0.044	0.028	0.001	0.017	0.121	0.029	0.031	0.018	0.004	-0.438	0.022	0.018	0.048	-0.936	-0.047	0.099	-0.006	-0.162	0.019	0.04	0.056	0.014	0.011	0.002	0.064	0.014	0	-0.006	0.002	0.019	0.024	0.018	0.038	0.018	0.023	0.029	0.006	0.017	0.021	-0.017	0.027	-0.071	-0.482	0.039	-0.253	-0.174	-0.043	0.097
Pop056	-0.005	0.007	-0.992	-0.021	-0.004	-0.019	-0.016	0.043	-0.022	-0.009	-0.012	-0.061	-0.034	-0.015	-0.009	0.015	-0.009	-0.025	0.006	-0.004	-0.006	0.061	0.027	0.028	-0.007	-0.012	-0.015	0.022	0.034	0.002	-0.012	0.002	0.119	0.01	0.006	0.007	-0.015	-0.493	0.017	0.009	0.027	-0.992	-0.081	0.094	-0.034	-0.19	0.016	0.009	0.044	-0.005	0.006	-0.024	0.033	0.025	-0.006	0	-0.003	-0.014	-0.018	-0.01	0.015	-0.009	-0.014	0.004	-0.029	-0.014	0.027	-0.058	-0.006	-0.106	-0.512	0.039	-0.297	-0.216	-0.085	0.094
Pop057	0.012	0.017	-0.975	0.041	0.009	-0.021	0.016	0.001	-0.015	0.014	0.015	0.009	0.01	0.023	0.008	0.041	-0.027	0.001	0.015	0.017	0.017	0.041	0.044	0.043	0.021	-0.025	0.004	0.013	0.012	0.035	0.014	0.016	0.101	0.038	0.038	0.029	-0.004	-0.503	0.008	0.018	0.027	-0.98	-0.043	0.073	0.019	-0.212	-0.001	-0.002	0.046	0.008	-0.002	-0.002	0.055	0.002	0.002	-0.003	0	0.025	0.019	0.028	0.045	0.001	0.012	0.022	0.009	-0.003	0.001	0.009	0.048	-0.055	-0.547	0.021	-0.319	-0.252	-0.04	0.068
Pop058	0.017	0.01	-0.972	-0.015	-0.005	0.003	-0.008	0.062	0.01	0.008	-0.001	-0.019	-0.01	-0.009	-0.006	0.044	0.042	0.004	0.004	0.004	0.001	0.109	0.034	0.026	0.017	0.038	0.018	0.023	0.07	0.024	0.017	-0.005	0.18	0.006	0.004	0.013	0.051	-0.328	0.02	0.033	0.048	-0.986	-0.006	0.163	-0.007	-0.005	0.027	0.028	0.07	0.004	0.026	0.007	0.069	0.041	0.019	-0.014	0.025	0	-0.001	-0.01	0.026	-0.007	-0.002	0.015	-0.003	-0.016	0.019	-0.028	-0.005	-0.043	-0.356	0.045	-0.129	-0.02	-0.015	0.147
Pop059	-0.007	0	-0.968	0.004	0.011	-0.008	-0.007	0.056	0.004	0.003	0.001	-0.027	-0.008	0.005	-0.015	-0.006	0	0.001	0.019	0.009	0.01	0.082	0.038	0.045	0.022	0.008	-0.013	0.02	0.046	0.012	-0.017	0.009	0.137	0.022	0.021	0.005	0.004	-0.453	0.02	0.023	0.036	-0.976	-0.05	0.108	-0.011	-0.146	0.022	0.034	0.07	-0.015	0.021	-0.005	0.005	0.027	0.024	-0.018	0.019	-0.001	0	0.008	-0.012	-0.001	0.001	0.02	-0.029	-0.015	0.029	-0.026	0.023	-0.072	-0.493	0.049	-0.238	-0.181	-0.052	0.096
Pop060	0.007	0.006	-0.98	-0.005	-0.013	0.003	-0.013	0.07	0.002	0	-0.02	-0.024	0.005	-0.005	-0.006	0.053	0.031	0.003	-0.001	0.001	-0.004	0.108	0.035	0.031	0.024	0.028	0.004	0.025	0.071	0.017	0.01	-0.008	0.176	0.01	0.011	0.006	0.038	-0.366	0.005	0.031	0.051	-0.986	-0.019	0.149	-0.009	-0.024	0.023	0.033	0.085	0.001	0.018	-0.008	0.072	0.032	0.018	-0.01	0.028	-0.01	0.008	0	0.039	-0.006	0.001	0.035	0.009	-0.013	0.023	-0.026	0.004	-0.044	-0.392	0.043	-0.13	-0.054	-0.023	0.13
Pop061	0.023	0.025	-0.888	0.039	0.032	0.009	0.018	0.077	0.027	0.03	0.031	0.005	0.024	0.034	0.007	-0.004	0.016	0.027	0.039	0.039	0.037	0.079	0.066	0.07	0.045	0.013	-0.002	0.043	0.058	0.041	-0.001	0.035	0.127	0.049	0.045	0.035	0.022	-0.419	0.04	0.045	0.063	-0.891	-0.032	0.113	0.011	-0.139	0.033	0.049	0.081	0.011	0.028	0.023	0.013	0.039	0.038	0.015	0.045	0.026	-0.012	0.039	0	0.032	0.025	0.042	-0.019	0.017	0.038	0.001	0.041	-0.053	-0.452	0.052	-0.245	-0.173	-0.03	0.108
Pop062	-0.008	0.006	-0.99	-0.008	-0.002	-0.015	-0.01	0.037	-0.017	0.002	0.007	-0.035	-0.015	-0.004	-0.01	0.035	-0.025	-0.008	-0.002	-0.001	0.002	0.046	0.014	0.026	-0.002	-0.016	-0.023	0.01	0.014	-0.002	-0.007	-0.011	0.112	0.021	-0.001	0.004	-0.01	-0.491	0	0.01	0.023	-0.997	-0.06	0.091	-0.02	-0.194	-0.01	0.007	0.066	0.001	0.001	0.002	0.04	0.019	0.018	-0.009	0.001	-0.007	-0.001	-0.006	0.032	0	-0.014	0.012	-0.01	-0.018	0.011	-0.037	0.001	-0.086	-0.504	0.034	-0.275	-0.203	-0.061	0.075
Pop063	0.01	0.011	-0.979	-0.004	-0.003	-0.027	-0.008	0.058	-0.003	-0.004	-0.001	-0.034	-0.001	-0.003	-0.006	0.033	0.018	0	0.006	0.003	0.005	0.069	0.033	0.037	0.024	0.018	-0.005	0.015	0.044	0.003	0.01	0.003	0.151	0.016	0.018	0.01	0.018	-0.404	0.013	0.023	0.039	-0.985	-0.048	0.126	-0.025	-0.097	0.009	0.013	0.07	0.004	0.009	0.002	0.06	0.033	0.023	-0.014	0.012	-0.002	0.001	0.001	0.025	-0.014	0	0.04	-0.016	-0.008	0.015	-0.03	0.007	-0.057	-0.428	0.041	-0.198	-0.116	-0.046	0.126
Pop064	0.031	0.042	-0.909	0.047	0.021	0.015	0.014	0.069	0.01	0.035	0.035	0.02	0.004	0.035	0.018	0.051	-0.003	0.028	0.028	0.043	0.033	0.073	0.069	0.059	0.05	0.024	0.022	0.026	0.043	0.051	0.023	0.024	0.128	0.017	0.061	0.028	0.036	-0.426	0.025	0.046	0.033	-0.907	-0.011	0.118	0.02	-0.139	0.026	0.026	0.048	0.022	0.033	0.004	0.068	0.03	0.029	0.004	0.022	0.015	0.02	0.035	0.042	0.012	0.04	0	0.031	-0.007	0.028	0.016	0.066	-0.023	-0.457	0.045	-0.235	-0.157	-0.005	0.105
Pop065	-0.006	-0.024	-0.969	0.019	-0.019	-0.009	-0.018	0.05	0.014	-0.002	-0.009	0.003	0.018	0.003	-0.033	0.001	0.028	0.016	0.001	-0.006	-0.004	0.083	0.034	0.028	0.035	0.027	0.004	-0.009	0.051	0.012	-0.006	-0.005	0.16	0.01	0.008	-0.008	0.039	-0.349	-0.016	0.016	0.035	-0.978	-0.008	0.13	-0.009	-0.024	-0.005	0.022	0.08	-0.017	0.008	0.008	0.022	0.025	0.006	-0.029	0.009	-0.003	-0.029	0.009	-0.019	-0.01	-0.016	0.031	0	-0.035	0.004	-0.008	0.019	-0.017	-0.382	0.016	-0.149	-0.04	-0.003	0.117
Pop066	-0.024	0.007	-1.002	-0.01	0	-0.028	-0.017	0.046	-0.028	-0.005	-0.012	-0.041	-0.036	-0.008	-0.009	0.005	-0.039	-0.017	0.004	0.009	0.002	0.038	0.027	0.029	-0.007	-0.026	-0.026	0.018	0.005	0.007	-0.015	-0.013	0.093	0.01	0.003	0.001	-0.028	-0.541	0.008	0.005	0.016	-1.011	-0.075	0.075	-0.034	-0.236	0.004	-0.003	0.046	-0.003	-0.009	-0.026	0.023	0.004	0.017	-0.014	-0.003	-0.016	-0.015	-0.013	0.017	-0.018	-0.008	-0.007	-0.035	0	0.012	-0.047	0.002	-0.098	-0.55	0.025	-0.343	-0.272	-0.086	0.054
Pop067	0.005	0.029	-0.939	0.027	0.016	-0.011	0.018	0.018	-0.006	0.018	0.013	-0.017	-0.013	0.013	0.021	0.035	-0.054	-0.02	0.016	0.015	0.017	0.022	0.045	0.044	0.013	-0.032	-0.006	0.025	0.004	0.027	-0.017	0.008	0.076	0.039	0.03	0.023	-0.021	-0.53	0.02	0.017	0.031	-0.946	-0.074	0.054	-0.011	-0.268	0.005	0.02	0.048	0.011	-0.017	0.004	0.054	-0.007	0.021	0.027	0.001	0.019	0.029	0.023	0.038	0.011	0.015	0.028	0.004	0.012	0	-0.018	0.024	-0.097	-0.564	0.029	-0.361	-0.28	-0.077	0.055
Pop068	-0.005	-0.033	-0.972	-0.01	-0.044	-0.023	-0.04	0.059	-0.009	-0.029	-0.033	-0.022	-0.002	-0.022	-0.041	0.024	0.057	0	-0.023	-0.023	-0.033	0.123	0.021	-0.001	0.022	0.052	-0.01	-0.018	0.088	-0.009	-0.005	-0.027	0.198	-0.027	-0.016	-0.016	0.085	-0.206	-0.034	0.026	0.034	-0.988	0.031	0.171	-0.012	0.149	-0.009	0.013	0.077	-0.037	-0.005	-0.012	0.049	0.013	-0.017	-0.058	0.009	-0.028	-0.026	-0.026	0.001	-0.037	-0.03	0.016	-0.008	-0.047	-0.018	0	0.004	0.036	-0.246	0.01	0.043	0.112	0.045	0.155
Pop069	0.028	0.009	-0.939	0.007	-0.001	0.022	0.002	0.096	0.034	0.009	0.012	-0.002	0.038	-0.001	0.001	0.073	0.081	0.025	-0.012	0.003	0.009	0.151	0.033	0.035	0.038	0.068	0.027	0.021	0.115	0.025	0.027	0.005	0.189	0.011	0.018	0.018	0.085	-0.227	-0.001	0.018	0.082	-0.96	-0.035	0.191	0.017	0.106	0.025	0.047	0.111	-0.006	0.045	0.037	0.09	0.056	0.027	-0.006	0.048	-0.005	0.023	0.004	0.041	0.001	0.007	0.066	0.019	0.002	0.024	0.004	0	-0.074	-0.292	0.043	-0.071	0.084	-0.033	0.156
Pop070	-0.048	-0.069	-0.761	0.022	-0.097	-0.059	-0.079	0.011	-0.033	-0.063	-0.06	0.052	0.035	-0.029	-0.093	-0.007	0.048	-0.029	-0.118	-0.061	-0.063	0.062	-0.008	-0.048	0.021	-0.012	-0.053	-0.104	0.03	-0.042	-0.047	-0.074	0.1	-0.059	-0.026	-0.066	0.103	-0.012	-0.133	-0.081	-0.006	-0.772	-0.05	0.125	-0.003	0.298	-0.117	-0.041	0.038	-0.125	-0.064	-0.037	0	-0.052	-0.071	-0.106	-0.055	-0.043	-0.072	-0.044	-0.053	-0.086	-0.057	-0.023	-0.017	-0.098	-0.097	0.036	-0.074	0	-0.125	-0.089	0.05	0.296	-0.007	0.039
Pop071	-0.498	-0.468	NA	-0.197	-0.493	-0.504	-0.464	-0.412	-0.457	-0.404	-0.437	-0.139	-0.227	-0.322	-0.514	-0.442	-0.436	-0.385	-0.506	-0.44	-0.439	-0.517	-0.342	-0.425	-0.297	-0.537	-0.51	-0.572	-0.565	-0.419	-0.489	-0.48	-0.388	-0.412	-0.337	-0.452	-0.255	NA	-0.605	-0.492	-0.436	NA	-0.282	-0.378	-0.326	NA	-0.627	-0.509	-0.325	-0.543	-0.569	-0.445	-0.445	-0.561	-0.482	-0.512	-0.547	-0.356	-0.493	-0.392	-0.452	-0.504	-0.428	-0.457	-0.382	-0.55	-0.564	-0.246	-0.292	-0.125	0	-0.596	NA	NA	-0.12	-0.525
Pop072	0.019	0.043	-0.947	0.065	0.043	0.003	0.036	0.06	0.027	0.05	0.042	0.026	0.038	0.05	0.031	0.049	-0.018	0.026	0.016	0.031	0.02	0.008	0.066	0.047	0.032	-0.093	0.014	0.019	-0.001	0.053	0.015	0.039	0.013	0.063	0.052	0.045	-0.02	-0.537	-0.019	-0.005	0.042	-0.955	-0.083	0.039	0.026	-0.288	-0.022	0.03	0.072	-0.011	0.017	0.023	0.062	0.026	0.039	0.039	0.021	0.045	0.049	0.043	0.052	0.034	0.041	0.045	0.016	0.025	0.029	0.01	0.043	-0.089	-0.596	0	-0.444	-0.298	-0.096	-0.011
Pop073	-0.241	-0.238	NA	0.054	-0.263	-0.283	-0.231	-0.199	-0.209	-0.166	-0.204	0.12	0.025	-0.057	-0.29	-0.221	-0.2	-0.141	-0.324	-0.21	-0.19	-0.339	-0.117	-0.206	-0.045	-0.366	-0.27	-0.372	-0.373	-0.186	-0.25	-0.235	-0.244	-0.172	-0.083	-0.231	-0.033	NA	-0.429	-0.318	-0.238	NA	-0.089	-0.193	-0.1	NA	-0.45	-0.291	-0.15	-0.358	-0.337	-0.209	-0.241	-0.338	-0.253	-0.297	-0.319	-0.129	-0.238	-0.13	-0.245	-0.275	-0.198	-0.235	-0.149	-0.343	-0.361	0.043	-0.071	0.05	NA	-0.444	0	NA	0.051	-0.347
Pop074	-0.18	-0.181	NA	0.136	-0.197	-0.199	-0.157	-0.154	-0.141	-0.1	-0.108	0.214	0.108	0.022	-0.206	-0.174	-0.117	-0.055	-0.187	-0.116	-0.104	-0.251	-0.035	-0.119	0.05	-0.194	-0.181	-0.294	-0.282	-0.109	-0.169	-0.175	-0.115	-0.088	-0.024	-0.152	0.043	NA	-0.316	-0.112	-0.173	NA	0.139	-0.13	0.03	NA	-0.34	-0.216	-0.051	-0.246	-0.266	-0.128	-0.179	-0.275	-0.174	-0.216	-0.252	-0.02	-0.181	-0.054	-0.173	-0.203	-0.116	-0.157	-0.04	-0.272	-0.28	0.112	0.084	0.296	NA	-0.298	NA	0	0.251	-0.224
Pop075	-0.027	-0.055	-0.748	0.051	-0.077	-0.051	-0.049	0.014	-0.018	-0.036	-0.036	0.067	0.06	0.008	-0.07	0.003	0.061	0.006	-0.091	-0.037	-0.049	0.064	0.004	-0.028	0.039	0.004	-0.036	-0.09	0.041	-0.024	-0.024	-0.051	0.101	-0.032	-0.003	-0.037	0.113	-0.024	-0.121	-0.066	0.01	-0.726	-0.018	0.139	0.006	0.264	-0.108	-0.028	0.061	-0.107	-0.045	-0.012	0.017	-0.038	-0.043	-0.085	-0.04	-0.015	-0.052	-0.023	-0.03	-0.061	-0.046	-0.005	-0.003	-0.086	-0.077	0.045	-0.033	-0.007	-0.12	-0.096	0.051	0.251	0	0.039
Pop076	0.08	0.101	-0.81	0.197	0.092	0.073	0.104	0.113	0.093	0.127	0.128	0.183	0.163	0.163	0.077	0.095	0.061	0.111	0.051	0.105	0.113	0.074	0.149	0.114	0.136	0.007	0.072	0.049	0.04	0.132	0.083	0.112	0.034	0.136	0.152	0.095	0.093	-0.425	-0.027	0.041	0.098	-0.818	0.027	0.096	0.143	-0.187	0.002	0.087	0.154	0.036	0.057	0.099	0.101	0.055	0.097	0.094	0.068	0.147	0.096	0.13	0.108	0.075	0.126	0.105	0.117	0.054	0.055	0.155	0.156	0.039	-0.525	-0.011	-0.347	-0.224	0.039	0